20151102130657AAEB1tF,1,1,0,0,0,0,0,0,0,0
20081215155245AAyjBcZ,0,1,1,0,0,0,0,0,0,0
20080630213242AAsZQ7J,2,1,0,0,-1,-1,-4
20080725080201AA93Z0K,0,3,3,2,2,2,1,1,1,0
20110526130401AAVMwPI,6,7,5,4,3,2,1,1,1,0
20090518174525AAZaWBM,1,0,0,0,0,0,0,0,0,0
20151102131430AATvVuu,13,16,4,4,4,3,3,3,2,2
20090427135807AAVRC4J,-1,13,8,8,7,2,0,-5,-6,-8
20080902204722AAqnT7O,-2,0,-1,-1,-1,-2,-2,-2,-2,-2
20120205144639AAiFwA4,0,1,0,0,0,0,0,0,-4
20070207140037AABRDaN,1,1,0,0,0,0,0,0,0,0
20080507143643AAjKA6K,2,14,10,7,6,4,3,2,2,2
20110302092906AAhOHhv,-5,3,1,1,0,0,0,0,0,0
20090716111955AAbmH9K,2,3,3,3,2,2,2,2,2,1
20100327065131AAvoJoR,0,1,1,0,-1,-2,-2,-2,-2,-2
20071006100632AAnLCCf,7,4,3,3,1,1,1,0,-1,-2
20071103110642AAQd6lR,2,2,2,1,0,0,0,-1,-2,-4
20151020203719AAqRrr5,1,2,0,-1,-2
20090712184823AAbjCea,-1,0,0,0,0,-1,-1,-1,-1,-1
20090324100833AA2xB4V,0,5,1,1,1,0,0,0,0,-1
20151103033814AANrlS4,4,3,2,0,0,-1
20090725161603AA5oSta,0,0,0,0,0,0,0
20080413190625AAn06IO,0,1,1,0,0,0,0,0,0,0
20090420155928AAjNK5W,3,3,3,3,3,2,2,2,1,-1
20151103035656AA1Btyi,3,2,2,1,1,0,0,0,-1
20090803163759AAh8K3F,0,1,0,0,0
20081219141633AA891Uw,0,3,2,1,0,0,0,-1
20061111101022AAXcDbC,1,2,2,2,2,2,1,1,1,1
20151103034541AArkWfl
20080817145650AAf4kAr,1,3,3,2,1,0,0,0,-4
20080516030715AAasFPa,3,5,4,4,4,3,2,1,1,1
20151104233905AAamWEg,4,4,4,3,2,2,1,1,1,1
20080505013442AAy6dGT,-3,3,1,0,0,0,0,-1,-2,-2,-3
20110617083435AAnmUyf,1,0,0,0,0,0,0,0,0,-1
20080618180445AAU8f2g,6,8,5,4,4,4,4,3,2,1
20100715132546AAjZROO,0,0,-1,-1
20151103031810AAk92ZX
20151106182018AAiskvb,0,0
20100405191539AAMHygP,8,12,6,3,3,3,2,2
20080409065155AAj1Zdo,-2,4,4,2,2,1,0,-1,-3,-3
20110725114245AA3G8BB,-1,4,2,2,2,2,1,1,1,1,1
20151106205236AA2oJqt,2,2,1,1,1,0,-1
20080207140132AAnbqBY,1,4,3,3,3,2,1,1,1,1,1
20111127080937AAXLuXR,-3,7,6,5,5,4,3,3,2,2,2
20101118171043AAjeW6t,0,6,5,4,4,3,3,2,2,2,1
20090818173638AAmHxbX,-1,15,8,6,5,4,4,4,3,3,2
20151103020458AAmsYL1,1,0,-1
20080916064029AAlbMGC,0,1,1,0
20090816184304AAwMXFw,0,0,0,0,0,-1,-2
20070325050324AA3bwKs,1,2,2,2,1,1,1,0,0,0
20151104065522AAPIRcc,2,1,1,1,1,1,1,1,1,1
20070604070222AAbuCki,1,8,6,6,4,4,3,2,1,1
20090904142048AAhdKnF,0,3,2,1,1,1,0,0,0,0
20090924014938AAaYvhO,1,3,1,0,-1,-2,-2
20151105150425AAEvND6,0,0,0
20121228171752AAttsa3,-5,5,4,3,3,3,2,-1,-2,-3
20080407082637AA3AFPB,-1,5,3,1,-1,-1,-2,-3,-3,-6
20150930195745AAxSWaP,0,0,0,0,0
20070326073911AAUI9oT,0,1,1,0,0,0,0,0,-1
20080305125853AAkSbxJ,-1,4,3,3,2,1,1,1,0,0,0
20080712162649AA9V0Jo,-10,14,12,10,10,10,8,8,8,7,7
20080616131817AAREqHc,13,7,3,3,2,2,2,2,2,1
20080615025716AADr2yM,2,2,0,0,0,0,0,0,0,-2
20110316080002AAAqu0T,-1,2,1,0,0,0,0,0,0
20080518015237AAZKXwa,0,-1,-1,-1,-1
20100611234320AAnojse,1,7,6,5,5,5,4,4,4,2,2
20080406230956AAuq807,2,4,3,3,2,2,1,1,1,1
20151031135433AA5OlOd,2,2,0,0,-1,-2,-3,-3
20120706214341AA44QyO,0,0,0
20080317123933AAO9STG,0,0,0,0,-1,-1,-1,-2,-2,-2
20100603080439AAmJAR4,2,4,4,3,3,2,2,2,2,2,2
20090209064249AAxNlWO,0,3,1,0,0,-1,-1,-1,-1,-2
20100628224907AA4sRe6,-7,8,6,6,5,5,5,4,4,3,3
20121114163253AACuZky,1,3,2,2,1,1,0,0,0,0
20090401025533AA2CqJn,3,10,10,9,9,9,9,8,8,7,7
20090821162902AA25qmR,1,2,2,2,1,1,0,0,-1,-1
20100619132718AASpvfG,0,2,0,0,0,0,0
20151103210833AApZvqF,0,0
20100614162811AAdTJDT,1,0,0,-1,-2
20151103054215AAXWIKG,5,3,3,2,1,1,1,1,0,0
20151106010550AA27vUm
20151103223555AAtaxRN
20151103211337AA1bebV,0,1,1,0,0,0,0,0,0,0
20151102191002AAPIkW7
20151031060833AA6Ms3T,0,0,-1
20120809134338AAaFhSa,0,1,1,0,0,-1,-2,-2,-2
20080515142627AAjUVVR,-2,0,0,-1,-1,-1,-1,-1,-1,-1,-1
20151102214521AAsNYnA,0
20080328111106AAyMfja,14,19,18,16,14,13,13,13,13,11
20090806010552AAljCBq,3,3,3,2,1,1,0,0,0,0
20151106013910AAc5VWz,0,0
20080108152712AAPLZfb,3,8,5,4,3,2,1,0,-1
20080406120900AAi8emr,1,8,7,6,5,3,3,3,1,0
20090527045103AAUD82F,1,2,0,0
20151103163848AAsO2hQ,5,3,1,1,1,1,0,0,0,0
20151105130316AAC6gKR,1,1,1,1,0,0,0,0,0,0
20120507200258AANRbZk,0,0,0,0,0
20151106064509AAQMwB3,2,1,1
20111119191551AA4Wvsm,0,3,2,1,1,1,1,1,0,0
20151105214334AAm9dDu,0,0,0,0,-1
20080316141200AAC15Hk,0,2,1,1,0,0,0,0,0,0,0
20151104031222AAAGKrp,0,0,0,0,0,0,0,0,-1
20100622224647AAaXTDf,1,1,0,0,0,0
20090217055014AAoKvhd,-2,4,3,1,1,1,1,1,0,0,0
20090728091738AA0hd4i,8,7,6,3,2,1,1,1,0,-2
20151026181017AARESvH,1,0
20070721212935AAQpfq7,1,1,1,1,0,0,0,0,0,0
20080222190721AAVo79O,1,1,1,0,0,0,0,-1,-1,-1
20151104030724AAInYPR,0,2,1
20081231095323AAw2mwO,4,13,11,10,8,7,6,5,4,4
20090810173100AAkDpbH,-1,4,1,0,0,0,-1,-1,-1
20120408023909AAghp30,0,2,1,0,-1,-2,-4
20061129214042AAlNM5E,1,4,3,2,1,1,1,1,0,0
20090623020546AAjhOaH,3,5,0,-3
20150215125818AAYBtmO,0,0
20151025112641AAjYsRf,0,0,0
20100328200018AAukRRN,0,0,0,0,0,-1
20151102202318AAnmbDk,0,0
20151102192535AAKnwB1,4,4,4,2,2,0,0,0,0,-2
20151106013431AAHqruO,0,0
20151104234930AARYuhe,7,5,2,2,2,2,1,1,1,1
20090404181912AAIfeKl,4,3,3,2,2,1,1,0,-1,-2
20070709114536AAzMmzb,-1,1,0,0,0,0,0,0,0,0,0
20081027063056AAlHghX,0,0,0,0,0,0,0,0,0,0,0
20091226145732AAj9zRN,0,0
20081031000936AASMN3J,3,4,4,2,1,1,1,0,-1,-1
20081226101151AAqNWy6,1,2,1,1,0,0,0,0,0,0
20151105224513AAmdo3Y
20091006211116AAqLEh8,1,3,2,1,1,1,1,0,0,0
20151102235107AA9iZIh,1,0,0,0
20100307165259AADwjuG,2,3,2,2,1,0,0,0,0,-1
20130206102238AAWMGIG,1,5,3,3,3,3,2,2,2,2,1
20151103202954AA9VtLp,6,5,4,3,2,1,1,0,0,0
20090623130045AAUBBrZ,2,4,3,2,2,2,1,1,1,1
20111231074450AAf1xUh,-4,3,3,3,2,1,1,0,-1,-1,-1
20151101062013AA7cQw6,0,4,3,2,2,2,1,1,1,0,0
20130423042236AAurndT,1,0,0,0
20110523142313AAjPOtX,1,1,1,0,0,0,0,0,-1,-1
20081026214816AAEsL67,4,6,5,4,1,0,-1,-1,-1,-2
20100509145900AAPkXsd,1,1,1,1,1,0,0,0,0,0
20151104011018AAtwgOR,2,0
20110626193227AAp0noC,1,5,4,1,1,1,0,0,-1,-2
20120219151540AAuRjnG,0,0,0,0,0,0,-1,-2
20150616043949AAsSDov
20071019184725AA1rWnC,2,4,3,1,1,1,1,0,0,0
20080610031139AASlNr2,3,3,2,2,2,1,1,1,1,1
20130516123948AAFNfbb,0,0,0,-1
20090801004656AAhccn7,0,2,2,1,0,-1,-1,-1,-1,-1
20080905133352AAAuJFG,1,3,2,2,2,2,1,1,1,1,1
20130318183214AA5qcQf,1,6,4,2,1,1,0,-5,-5,-5
20121029164427AAex3dv,3,2,1,1,1,1,-1
20151105115611AAh2zQF,0
20090216164956AAXurnR,1,2,1,0
20151104000938AA3nJLe,2,2,1,1,1,0,0,0,0,0
20080811210603AAFeXJz,5,11,11,9,7,7,6,6,6,6,5
20080602113739AAwk7P6,2,5,5,3,3,3,3,2,2,1
20150228010144AAfdnzx,1,1,1,0,0,0,0,0,0,0
20120728091708AAk5Tzt,1,5,2,1,1,1,0,0,0,0
20090709094706AAgPplh,1,2,2,2,1,1,1,1,1,1
20080220212912AAoJJmG,1,0,0,0
20101103190544AA0n6Wm,-1,3,2,2,2,1,1,1,0,0,0
20120329010915AApIsLB,0,0,0,-1
20151106174644AAK4QM5,0,0,0
20090427172910AAIQRKl,-2,4,2,2,1,-1,-1,-1,-2,-2
20080212184228AAa1Os7,1,3,2,2,2,1,1,1,1,1
20151105192158AAHuZMO,2,0,0,0,0,0,0
20151102162225AA41PTY,1,1,0,0,0
20130319115154AAToHlg,0,1,1,1,1,-1,-2
20151103033811AA6Vbzc,1,-1
20151105223527AAAOW8R,0,0,0,0
20081201110406AAtYFCe,4,16,13,12,11,11,11,11,10,9,9
20091113210859AAcV97E,1,0,0,0,0,0,0,0
20151103223552AAgduZU,2
20151105200012AAGBXSf,1,0
20151102232514AAoP0Ru,0
20120417105809AAb4mni,5,4,4,3,2,1,0,-10
20151104042212AAh9tkb,3,4,4,4,3,3,3,2,2,1
20120121190145AAtDllK,1,1,1,1,-2
20060629122652AADmYde,15,1,0,0,0,0,0,0,0,0
20130409135136AAabKtV,0,1,-1
20150618063836AA6Aon1,3,1,1,1,-6
20151106021713AAmdGHI,0
20091018222058AAgdIMN,-3,1,0,0,0,-1,-1,-1,-1,-1,-2
20130409060832AAKC42m,0,4,2,2,2,2,1,1,0,0
20111006042513AAm1E5X,0,0,0,0
20090429000028AAie6vP,1,7,7,5,5,1,-9,-10
20151019031923AACLlYb,1,0,0,-1
20090615163126AA6EUBt,-1,3,2,1,1,1,1,0,0,0,0
20091024202835AAbGUN6,0,1,1,0,0,0,0,-2,-2,-3
20100706051631AAvz1rX,0
20151101221851AAPtnjk,4,2,1,1,1,1,1,1,1,0
20091115132030AAjCXZF,-1,4,3,2,1,0,0,0,-1,-1
20081226200536AAlVCcH,-1,1,0,0,0,-1,-1,-1,-1,-1
20080429063709AAbZ3w9,2,6,4,4,4,3,2,2,2,2
20080718024344AAEQwzu,0,0
20110113193453AAflOjI,0,4,4,3,1,1,1,0,0,0
20151102205931AArZ4SR,0,0,0,0,0,0
20110114164244AAok6JF,4,4,3,3,3,2,2,2,1,1
20151102194820AAaM8Np,2,0
20080318165819AA63Q8C,1,2,2,2,1,1,1,1,1,1
20151106212956AAgLXpH
20080426113335AAh587O,0,3,2,1,1,1,1,1,1,0
20151103035804AADvs9n,0,0,0,0,0,0,0
20130128014352AAT9I8q,1,2,1,1,0,0,0,0,0,0
20070107152341AAo2aYx,0,2,1,1,1,1,1,1,0,0,0
20151029123103AAeZ9d8,3,4,3,0,0,0,0,0,0,-3
20151104014530AAUkx8m,5,3,3,3,3,2,2,2,2,2
20151106213451AAHpC5X,1,1,1,1,0,0,0
20151106174837AAe7vPe,3,1,1,0,0,0,0,0,0,0
20130603230646AAcHEHZ,-6,4,3,2,1,1,1,1
20090714205128AAMx882,1,1,0,0,0
20090605073013AAYW7YX,2,17,13,9,8,7,7,7,5,5,5
20151106192816AABa0pG,1,1,1,1,1,0,0
20151103034638AAYD8MX,2,2,1,1,1,0,0,0,0,0
20090929125835AA7ZEgQ,6,8,7,6,5,4,4,2,1,1
20150120003843AAeEQHj,2,1,1,1,1,1,1,0,0,0
20131013140008AAz4gD5,29,21,17,14,12,12,10,9,8,7
20071026003109AAt6aaf,2,7,3,3,3,2,2,2,2,2
20091007181818AAfZvOP,1,8,7,7,5,5,4,4,2,1
20110622165413AAfNAek,-1,3,3,2,2,1,0,0,-2,-2
20120513211812AAwiDcX,-4,5,4,4,4,4,4,4,3,3,3
20151105193603AATKFCV,0,0,0,0,0
20151106010600AAFlDbi
20130108144658AAy9UI5,4,4,3,1,0,0,0,0,0,0
20110818113519AAuVy5f,1,1,1,0,0,0,0,0,-1,-1
20081130010850AALpHcN,1,5,4,3,2,2,2,1,1,1
20080323124715AALXg9M,7,3,2,2,2,2,2,2,2,1
20100325122117AAPgiHu,1,0,0,0,0
20090805234726AAcWvgJ,0,0
20120713183427AAsqynN,4,7,5,4,3,2,2,2,1,1
20110928061746AAWDaki,0,0,0,0
20151106014132AAbs6rO,0
20151105204528AAjjOgQ,1,1,0
20101123071659AAwir2T,5,5,3,2,1,1,-1,-2,-3,-3
20130524210316AAFqtlu,0,0,0,0,0
20091222104840AAlkDuT,0,4,3,1,1,0,-3,-3,-3,-4
20151104002759AAHvtQr
20080829084511AAihVMI,3,11,10,10,9,7,6,5,3,3
20120126115324AAbOKD4,-1,2,1,1,0,0,0,-2,-3
20130518143650AAUmg20,5,11,10,9,8,7,5,4,3,3
20081221115640AAUOAWH,0,2,2,2,1,1,1,0,0,-2
20081129191352AAra3DA,-1,5,3,3,3,2,2,2,2,1,1
20080803162801AAlwZ1x,-1,8,4,2,1,0,0,-2
20151104192027AAftdvL,-1,10,8,6,3,3,2,2,2,1,1
20070802174855AAmAQul,0,2,1,1,0,0,0,0,0,0
20151102104542AAR4Ntj,0,0,0,0,0,0,0
20130615180627AAxoAOK,0,1,0,0,0,-1,-1,-1
20151030124611AAvC6bL,0,0,0,0,0,0
20110815235415AAtAbXA,3,5,3,1,1,1,1,1,1,0
20081027090147AAkT53w,2,2,1,1,0,0,0,0,0,0
20121008115537AARVJHn,-1,1,0,0,0,0,0,0,0,0,0
20100217110517AAuc7UE,-9,10,9,6,5,4,3,3,3,2,2
20110715075148AA5llch,2,4,3,3,3,2,1,1,1,0
20080825170120AAObZFS,1,3,2,2,1,1,1,0,0,-1
20081010110748AAAzNO2,3,6,5,4,2,2,2,1,1,1
20090219134801AAKF1Nq,0,2,1,1,1,1,0,0,0,0
20150807150536AAIaPMH,2,-2
20061028170036AAiFvyV,0,3,-1,-1,-1,-1,-2,-2
20090113163537AA7G2jP,0,1,0,0,0
20151101074437AAiW18Z,2,1,1,1,0,0,0,-4
20090408201000AATE7Vz,9,6,5,4,4,3,2,1,1,1
20100301114759AAyeZKs,1,1,0,0,0,-2
20090223215844AA7GhAH,1,3,2,2,1,1,1,1,1,1
20101109082246AAcMu71,4,1,0,0,0,0,0,0,-1,-3
20151103004833AAsnf3J
20111208192658AAePJSe,0,1,1,0,0,0,0,-1,-2
20151105081643AAsbGZk,2,1,0,0,-1,-1
20150909152358AA6JiOZ,0,0,0,0
20151024143953AA3QoAs,0,0,0,0,0,0
20151102112737AARXvdt,2,1,1,0,0,0,0,0,0,0
20130430144015AAvryuR,0
20151105000354AAOqgIq,1,1,1,1,1,0,0,0,0,0
20100503145004AAiKvm5,0,2,1,1,1,1,1,1,0,0,0
20080810141503AABLHFQ,2,1,1,1,1,1,0,-1,-2
20151106204241AAe3kNT,0,0,0,-2
20090820144704AAQopPo,3,3,2,2,2,2,2,2,1,1
20120215201943AAWQAEG,2,7,3,2,2,1,0,-2,-3,-8
20151105222916AAW1aHq,3,2,2,1,0,0
20100913160458AAAUQsG,6,6,6,5,4,4,3,2,2,2
20151106002451AANVasz,1,0,0,0,0
20071029060656AAwmBHK,2,2,2,2,2,2,2,2,1,1
20121024055959AAulUAj,0
20151103014438AAjEEqO,2,1,1
20100404220836AAilzvP,0,1,0,0,0,0,0,0,0
20100416092009AAZ8BeJ,2,0,0,0,0
20090917103612AAg5YzC,5,14,11,10,9,7,7,5,5,5
20151101234205AAHSXma,0,0,0,0,0,0,0,0,0,0
20151103223000AABcP4T,0
20110417042551AAFuySu,3,6,6,5,3,3,2,1,1,1
20151102194800AAQgLfY,4,1,1,1,1,1,1,1,1,1
20151103033941AAIXTmA,0,0
20150930114525AAdOSU2,1,0,0,0,0
20120704054317AA0qbOI,1,1
20151020130606AABjDZI,2,1,1,0,0
20091223164653AAFRrpS,8,7,7,7,6,5,4,3,2,2
20151105142544AAC1NjN,6,5,5,4,3,2,1,1,0,0
20100814214436AAokH2w,1,12,12,10,9,9,5,5,4,3,3
20111026130526AASgyBe,3,7,6,5,4,2,2,1,1,1
20061009092814AA7HqaM,1,0,0,0,0,0,-1,-2
20151101065559AAUdoXh,5,4,3,3,3,2,2,1,1,0
20091207170112AAoTpqk,1,0
20121104143144AAjEpko,0,5,4,3,3,3,3,1,1,0,0
20110116235616AAn4HAZ,0,2,1,1,1,0,0,0,0,0
20080506090515AAAkICy,1,1,-1
20151103031951AAcoiWi,0,0,0
20151105205552AA6xXes
20100717162044AAMz5bG,-1,0,-1,-1,-1,-1,-1,-1,-2
20100624085657AA9gfc1,3,9,8,8,6,6,6,6,5,4
20090609190120AATP6zC,-1,1,0,0,0,0,0,0,0,-1
20111205012740AA8pEAC,0,0,0,0
20100805065136AAhYeUo,1,0,0,0,0
20070830100913AAd2Lph,1,2,0,0,0,-1,-1,-1,-1,-1
20100708032035AAFBqql,1,1,0,0,0
20150115044138AAwMGJu,1,1,0
20100611141853AAE3x0I,1,1,0,0,0,0,0
20151106142417AA4JdZs,2,0
20151106205527AAjBypI,0,0,0
20120315010302AAjP7bw,2,14,11,5,3,1,-1,-3,-3,-3
20061026083633AAtl4Hn,-3,9,8,6,4,2,2,2,2,2,2
20151105235623AAOdjF4,2,0,0,0
20080507092158AAWnysf,10,8,5,4,3,3,3,3,2,2
20151030152916AAB3mWi,1,0,0,0,-1
20151102222201AALSZ2I,0,0
20080320062900AAa1alO,2,5,4,4,4,4,3,3,3,3,3
20130427053658AA2DGt9,1,1,0,0,0,-1,-1,-1,-1,-3
20151102201121AAdw0q8,0
20151102031412AABKzbF,0
20151105215851AA74MjK,0,0
20151104225054AAYFnrS,2,4,2,2,2,2,1,1,0,-1
20100406022001AAyFPye,0,1,0,0,0,0,0,0,-1,-3
20130315174017AAfn8hC,-1,2,2,2,1,1,1,1,1,-1
20080620100032AAnJwp3,5,4,3,3,2,2,2,2,2,2
20151105104911AAeWEwI
20151106210841AAojRpJ
20070815133926AAmbFMW,0,8,5,4,4,3,3,2,1,1,1
20100210142715AAIUVBM,1,1,0,0,0,0,0,0,0,0
20070715205306AAxsVlm,0,1,1,0,0,0,-1,-1,-1,-1
20151102163312AAJ6ye3
20130218230815AAa78fs,0
20151106161642AAj8O31,2,2,1,0,0,0,0,0,0,0
20150906190921AAJ8p6Y,0
20130510215455AAsTAym,0,2,2,1,1,0,0,0,0,0
20081026120437AAbtIHs,0,0,0,0,0
20100728220635AAj3coB,3,2,1,0
20151104210303AASaQjT
20110501161422AAKbd6n,-6,5,5,4,4,2,2,1,0,-1,-1
20120104164640AAsKnvn,-2,4,1,1,0,0,0,0,0,-1,-2
20080819204134AAaJIR8,-3,3,2,2,1
20151030063903AAuCEJO,0,0
20090106014838AAupjH8,1,1,1,0,0,0,0,0,-1,-2
20120625152812AAOTFHm,1,7,7,6,3,1,-4
20151103003448AA8gKKD,4,4,3,2,1,1,1,0,0,0
20071212092106AAwr0xd,4,1,1,1,1,1,1,0,0,0
20101021184934AAyym3E,1,3,2,2,2,2,1,1,0,0
20090604114703AAQqICs,4,6,6,5,5,5,5,4,3,3
20100716174256AAeYwQr,7,6,4,4,4,4,3,3,1,1
20110804162756AAcIjsg,0,3,1,0,0,0,0,0,0,0
20080722120253AAeQmDT,0,1,1,-1,-1
20080606102033AAJTJCw,4,2,2,2,2,2,2,1,0,0
20110124122433AAkqddQ,0,1,0,0,0,0,0,0,0,-1
20101209022235AAQWSkT,1
20151013203548AAxdoBp,0,0,0,0,-1
20110925093749AAYYZI0,1,2,0,0,0,0,-1,-1,-1,-1
20080625191029AADQvpg,0,1,1,1,0,0,0,-1
20071104000943AAuQ4CD,1,3,1,1,1,1,1,0,0,0
20110801115900AAu1DmS,0,0,0,-1
20151103124310AApvpSq,3,2,2,1,0,0,0
20100228094853AAInTre,0,3,3,2,2,2,2,1,1,0
20080804111249AApZHfK,6,5,5,3,3,3,3,2,2,2
20081001042004AAe40y5,0,4,3,2,1,1,1,0,0,0
20090711222857AA7Tyde,1,1,0,0,0,0,0,0,0,0
20150928210010AAefrrk,0,0,0,0,0,-1
20120209142638AA1Zkbk,0,0,0,0,0,0,0,0,-1,-1
20151103020628AAp0vSh,1,-1
20151102213054AAHDdIm,0
20151029113040AAwbCSt,1,2,1,1,1,0,0,0,0,0
20151102151142AAfudfK,1,0
20151105175156AAZPbo1,0,0,0
20151105204531AAYe1hu,0,0
20080926035302AAyPaKm,-1,5,3,3,2,1,1,1,1,1,0
20070529173249AAEzWlg,-2,1,1,1,1,1,0,0,0,0,0
20110706090536AA0wiVZ,6,8,5,5,1,1,1,0,0,-1
20070422221757AAO8HlE,4,2,1,1,1,0,-2,-2,-3,-3
20091024074255AARh6Nz,0,1,0,0,0,-2
20130905053721AAbVSt4,2,5,3,3,2,2,1,1,0
20080307061908AA7XsHu,-5,4,4,2,1,1,1,1,1,1,1
20151102121414AAPRAkM,3,1,0,0,0,0,0,0,0,0
20100720084857AAZXoAO,0,0,0,0,-3,-3,-3,-4,-6,-7
20070716232104AAAHpmc,3,1,0,0,0,0,0,0,0,-1
20080502135500AAsiEQs,-1,2,1,1,1,0,0,-1
20151026115812AA8rKXn,-1,1,1,0,0,0
20100901023546AA7ji1k,1,1,1,1,1,1,1,1,1,0
20110129203144AAsf7wS,-1,13,9,3,2,1,1,1,0,0,0
20130408185309AAH7jVz,-1
20101122074802AA6qrQn,6,9,7,6,6,4,3,2,2,2
20100624010810AAdYdnm,3,7,6,3,3,3,2,2,1,1
20151102183257AADoSUr,3,2,1,1,0,0,0,0,0,-1
20110210032329AAsqLHb,2,1,1,1,0,0,0,-1,-2
20071003113646AADDmH1,1,1,1,0,0,0,0,0,0,-1
20100423031625AAoleTn,3,4,4,4,4,3,3,2,1,1
20150827130305AAZi2qz,-2,3,2,1,1,0,0,0,0,-1,-1
20151102132238AALAPpK,2,1,0,0,-2
20100204214945AAdK27s,1,2,1,0,0,0,-1,-3,-4
20120303235754AAdfxlQ,1,0,0,0,0,0,0,0,0,0
20151102104856AAiD7wn,6,3
20100623161443AAoYUew,-1,1,1,0,0,0
20081218121647AAgr31h,0,5,2,2,1,1,1,1,1,1,1
20111012083033AA16xPw,-1,0,0,0,-1,-2
20151103194943AA2nrrh,5,5,2,2,1
20151106171730AA3khPU,0
20090521102320AAiaLHj,13,18,17,16,14,13,12,12,12,12
20110116163108AAObAsg,0,8,5,5,4,3,3,3,3,2,2
20151104005251AAIfwJq,0
20130227202802AAtVacp,1,3,1,0,0,-2
20110517082252AAOLsCN,-5,5,4,2,-1,-1,-1
20130130133256AAunF0q,0,0,0,0,0,0,0,0,1,0
20120329201955AAZQYPT,0,0,-1,-2,-2,-3
20090317171817AAe61S9,0,1,0,0,0,0,0,0,0,-1
20151105211928AACnut1,2,2,2,2,0,0,0
20151106201424AAo0M93,2,2,2,1,0,0
20130308202522AANNTOF,1,4,1,1,1,0,0,0,0,-1
20151103034802AAH6dXs,0,0,0,0,0,-1
20091227110022AANIEte,0,0,-1,-1,-1,-2
20130410230614AAhxnoc,1,1,0
20080711134545AArVZSL,-1,10,9,9,8,7,7,7,6,5,5
20100601073055AAL06tc,0,3,2,1,0,0,0,0,-1,-1
20100822121200AAxlZF5,-1,1,1,1,0,0,-2
20110109152201AAYJLdM,0,0
20070605195409AAkcr04,0,1,1,1,0,0,0,0,0,0
20100809001246AAZO5NO,0,-1
20111211185853AALAxgh,-2,1,0,0,0
20070115131918AAtZqNK,-1,1,0,0,0,-1,-1,-1,-1,-1
20151102143422AAxQac8,0
20151105231656AAFf1fq,1,1,0,0,-1,-1,-1
20130211023155AAhuXtx,0,0,0,0,-1,-1,-1,-1,-1,-1
20151102203443AASLpap,1,0,0,0
20100210091218AArK1wJ,0,0,0,0,0,-1,-1,-1
20121011124744AANjh3F,-2,2,2,2,1,0,0,0,0,0,-1
20070528070725AA7dJr4,2,0,0,0,0,0,0,0,0,0
20100910190218AAzUVLb,2,3,-1,-1
20090803133903AAr5Duv,0,2,1,0,0,0,0,0,-1,-1
20080809072851AARLLDd,-1,5,4,4,3,2,2,1,1,1,1
20151105191557AAv83yj
20151106191557AAhGYLw,1,0,0
20151101173627AAHC9nr,8,3,2,1,1,1,1,1,1,1
20090118212047AAbZDjN,6,8,7,7,6,5,5,5,5,4
20110404185433AAIJPes,1,2,2,1,0,0,0,-1,-2,-3
20151101220736AAaVYkN,1,3,3,2,2,1,0,0,0,0
20080707044001AAzfcwi,2,22,21,16,9,8,7,6,5,5,5
20100703053054AA6Au2X,0,0,0,0,0,0
20100722204630AAV1oLf,0,1,0,0,0,0,0,0,0,0
20080316105637AANtmY4,0,0,0,0,-1
20151029020617AAUIOfZ,5,4,3,2,2,1,1,1,1,1
20151102164115AAs1rkX,1,1,1,0
20151106014513AArM90T,0,1,0,0,0
20151102205848AARXWGX
20100808163752AAC7Zhi,1,2,1,1,1,1,1,1,0,0
20110821210810AAGpUeY,9,6,4,3,3,2,1,1,1,1
20110530190739AAxki60,29,22,19,15,13,12,6,5,4,4
20080712230706AA7i5cj,0,0
20151104024825AAnizE3,1,1,0
20090523063128AAAM2S8,-4,7,5,5,5,3,1,0,0,0,-1
20101020132201AA9EGT7,0,0
20060905212836AAy49J8,0,1,1,0,0,0,0,0,0,0,0
20100331164722AArO8f9,0,0,0,0,0,0,0,0,0,0
20080730135716AApgBLW,0,0,0,0,0
20070115113901AAJRaim,1,4,3,2,1,1,1,0,0,0
20100117183253AA6nEh7,6,7,7,6,5,4,2,2,2,1
20130209162924AAvNmA0,1,3,2,2,1,0,-1,-1,-2,-3
20070916175953AAfM8tc,2,4,3,2,2,1,1,0,0,-1
20100822055020AAKMnos,2,11,8,6,4,3,2,2,2,2
20120307194547AAzQwaE,1,5,2,2,1,1,1,0,0,0
20110220212522AAqOMJh,2,4,3,3,3,3,3,2,2,2
20080513162114AA1LiTt,-5,5,5,4,4,4,4,3,2,1,1
20151101175253AAnQ9hx
20151106201609AA9aWj2,0
20151010034545AAbqE3B,3,3,2
20101212120650AAncRm5,0,9,4,4,3,3,2,1,1,0
20110116134243AAX4Ifw,1,7,2,2,1,1,1,0,0,0
20110628155739AAgs2sE,4,4,4,3,3,2,2,2,2,2
20151103011921AADILkh,2,2,1,1,0,0,0,0,-1
20151102162703AA9radS,0
20151103023232AA47fDp
20100805041434AAQPlB5,3,3,3,3,3,3,3,3,2,2
20111201174453AA2YlCW,-2,4,3,3,2,2,-1
20150819233123AAhDZg0,1,0,-1,-1,-2,-3,-3,-4
20120514192057AAoTAGM,0,0,0,0,0
20151101132915AAJPlRh,4,2,1,1,1,1,1,0,0,0
20090112231536AAFkvLl,3,2,1,1,1,1,1,1,-1,-1
20080413174911AA6jmUS,2,4,4,3,3,2,2,2,2,2
20100601041156AAckFWx,-1,1,0,0,0,0,0,-1,-2,-3
20110611160338AAqHcPw,-1,1,1,0,-1,-1
20151102113238AAcKqAp,0,1,0,0,0,0,0,0,0,0
20090916135319AAwIkD6,0,1,1,1,-1,-1
20090206203846AA28mXr,0,3,1,1,0,0,0,0,0,0
20150731051656AAtc8CS,2,0,-2,-2
20151031164548AAwbO3F,3,2,1,1,1,1,0,0,0,0
20091017112108AAPZDgd,4,1,0,0,0,0,0,0,0,-2
20151101121016AArEQCD,1,1,0,0,0
20151031051006AAITxIx,2,2,1,1,1,1,1,1,1,1
20080210115705AA1eUFg,0,2,2,1,1,1,1,0,0,0
20070506020746AAT2yub,0,0,0,0,0,0,0,0,0,0
20110618133311AA1rhzF,3,3,0,-2,-3,-3
20090427045715AAHB78n,2,2,2,2,1,1,0,0,0,0
20120916173138AA7JgHS,1,2,1,1,0,0,0,-1,-1,-2
20151106205809AA3Ezsm,0,0,0
20070605211937AAfCWDs,0,1,0,0,0,0,0,0
20091201103749AATAclW,2,2,1,1,1,1,1,1,1,1
20151105231225AAWli2y,0,0,0
20090722185147AAt8BKy,0,1,1,-1,-1,-1,-1,-1,-1,-1
20151106015943AAJpwQp,3,2,2,1,1,1,1,1,0,0
20151103013444AArPBnP,0,0,0,0
20080522193559AAzIGOa,0,0,0,0,0,0,-1,-1,-1,-2
20070810090223AAOsa9Y,3,1,1,1,1,0,0,0,-1,-1
20151105213150AAOHX9b,3,1,1,1,-1
20151106054317AAoCAZ7,3,2,1,1,1,1,0,0,0
20100428163844AA6EIs8,2,5,2,2,1,0,0,-1,-1,-2
20100928050007AAJdMPC,1,5,1,1,0,0,0,0,0,0
20120331102833AAocMy0,-1,0,0,0
20151105000631AAJTJ49,1,5,4,4,3,3,2,2,2,2,2
20090313111124AAk75oQ,5,10,9,8,7,7,5,5,4,4
20080610170507AAsYm8C,1,3,2,1,1,1,0,0,-1,-4
20151101183716AAlpRrN,3,2,2,1,0,0,0,0
20090816182222AAFCsHk,0,0,0,0,0,0
20070616172954AApXM3U,0,1,1,0,0,0,0,0,0
20120413150148AAVB04x,0
20090509194759AA7jRvY,1,1,1,1,1,1,1,1,1,0
20101009152521AABAjlS,8,10,8,8,6,5,4,3,1,0
20100502010155AAqOhZ8,0,1,0,0,-1
20110923183838AAT4ksJ,1,4,2,1,0,0,0,-1,-3,-4
20070706164653AAo0qIt,7,9,7,6,5,5,5,5,5,5
20100316142716AA2f9WQ,5,8,3,3,2,2,2,1,0,0
20120123114705AAO6TXu,1,4,2,1,1,0,-1,-1,-2,-2
20120619043229AAqoBVj,0,0,0,0
20071112073309AA5fxXA,0,1,1,1,0,0,0,0,0,0,0
20090816011331AA9mydL,2,4,3,2,1,1,1,1,0,0
20130529124827AA9S012,0
20111003145354AA585xN,3,2,1,1,1,0,-1,-1
20151106002313AAg3TXz,1,0,0,-1,-2
20100109173916AAFbnHP,3,5,4,4,3,3,3,1,1,1
20090605203745AAGfQY0,0,1,1,0,0,0,0,0,0,0,0
20100707194316AArpqYr,0,2,2,1,1,1,1,1,1,1,1
20110213095722AAXQwXA,0,0,0
20151106211706AAYYRoL
20090725052249AALjkRY,6,3,2,2,0,0,-1,-1,-1,-1
20080828110104AAROI3D,8,8,7,7,6,6,6,6,5,5
20120404152929AAD39OE,5,4,4,2,2,2,2,2,2,1
20120815102436AAKTzea,-1,3,2,1,1,0,-1,-1,-1,-1
20100906095516AAtOIiF,0,3,1,1,0,0,0,0,0,-1
20110109201615AAzkziz,1,1,0,0,0
20100707091230AA8YXFZ,2,5,3,2,2,0,-4,-6
20151103035155AA2e6lj,0,0
20080406084448AAkhOwd,0,6,6,4,2,2,2,1,1,1,1
20090418192951AARvJ0c,0,2,2,0,0,0,-1
20100528174522AAhijjg,0,3,1,1,1,1,0,0,0,0
20090714210625AAeWxPL,-2,3,3,1,1,1,0,0,-2,-3
20081023071019AAXkVZZ,0,0,0,0,0,0,0,0,0,-1
20151106054925AACudux,3,3,2,1,1,1,0
20080226131727AA5NkLy,0,0,0,0,0,0,0,0,0
20110908231423AAswnY6,2,3,1,0,0,-2,-3,-3,-4,-5
20070911095529AAPTNxp,3,4,2,1,1,1,1,1,-1,-4
20130326121737AAJll5G,-1,2,1,1,1,0,0,-1,-2,-2
20110122185122AAtmJAM,0,0,0,-2,-2
20151105164918AAjngBy
20151105065144AAwh7fW,7,6,6,6,5,5,4,4,4,4
20151015025212AAMweEW,2,0,0,0,0
20151103015940AAKvhtf,1,-1
20120830055207AAQjAz0,-1,4,4,3,-4,-4,-5,-5,-7
20120909051332AA9dKQE,-3,12,8,8,7,6,5,2,1,-3
20151106204751AAMpr4O
20120220190522AAqfQrs,3,1,1,1,0,0,0,0,0,0
20151031135041AAqKh6L,3,2,2,2,2,1,1,0,0
20151105212638AARhER1,1,0,0
20091011053308AAqWQ7G,0,2,1,1,1,0,0,0,0,0
20151106153334AAeobT9,3,2,2,1,1,1,0,0,0,0
20070925163904AAC37nd,2,3,3,2,1,1,0,-1,-1,-4
20080828202147AABdL11,2,2,1,1,1,1,1,0,0,0
20110617191642AAveeOu,-3,7,5,3,3,2,1,1,1
20130613193535AAegqiu,-7,4,1,1,1,0,0,0,0,-2
20070829221754AAvCvZP,0,5,3,2,1,1,0,0,0,-1
20090503154442AAf0Btp,1,4,3,2,2,1,0,0,0,-1
20100116100415AAzFhpW,6,7,5,4,3,0,0,-7,-8
20080605230830AAxhzY6,0,1,1,1,1,1,0,0,0,0
20090617210926AALig9W,0,0,0,-1
20081011081130AAURIJE,3,0,0,0,-1,-1,-1,-1,-1,-1
20110415104253AACdOzH,0,4,0,0,0,0,-1,-1,-2,-2
20120414115248AAxDkAT,-1,5,3,2,2,1,1,1,0
20150322231047AAXcr8a,3,1,1,0,0,0,0,0,0,0
20151103022023AAi4m6h,0
20101001143327AAeQ4nX,0,1,0,0,0,0,0,0,0,0
20151101143626AAa7ja4,1,1,0,0,0,0
20091103201930AA2y8t2,0,0,0
20130118113734AADEenI,2,2,1,1,1,1,1,1,0,0
20101220123938AAnxVhV,3,0,0,0,0
20101110105423AAs1mNg,1,0,0,0,0,0,0,0,0
20070310193252AAEs7JC,0,3,2,2,2,1,1,0,-1,-2
20081123182447AAFO2nO,-5,3,2,2,1,1,1,1,1,1,0
20081212080230AA7H2sr,1,1,1,1,1,1,1,1,1,1,1
20110111162117AAkxWDH,1,5,4,4,4,3,3,2,2,1
20110906162650AAyc4rY,0,4,3,2,1,1,1,0,0,0
20090721070156AAHzif7,4,6,3,2,2,2,1,1,1,1
20120625190233AApQkrr,0,0,0,0,0
20080820181006AAdWX9a,-2,2,2,2,1,0,0,0,-1,-1,-1
20130520102034AAyFamo,0,0,-1,-1
20150707112535AAtrfxR,0,-1
20100403174754AAjHMJa,-5,0,0,0,-1,-1,-1,-1,-2,-2,-2
20070723121933AAmVFqT,6,10,9,6,5,4,3,3,0,0
20151104025356AA8LIHc,1,1,0
20130118191920AA4Vq20,10,7,5,5,4,1,1,0,0,0
20080509190509AAee0Yl,0,1,1,1,1,1,1,1,1,1,0
20151103030232AAkLqky,1,1,0,0,0
20120904223300AA5SAFe,0,2,0,0,0,0,0,0,0,0
20120125180803AAqkZQy,4,9,4,3,3,2,2,2,1,1
20060702084822AABBVq8,1,0,0
20090723000109AAAPIFe,0,4,1,0,0,-1,-3,-9
20090302171237AAYzwh2,4,4,4,3,2,2,1,0,-2
20061104013328AA4aFzI,1,1,0,0,0,0,0,0
20151029013338AA2CrHC,3,1,1,1,1,0,0,0,0,0
20151028065511AARrK8i,1,0,0
20100903174601AAA72Ba,1,1,0,0,0,0,-2,-2,-6
20080813110831AAb4MLk,0,1,1,0,0,0,0,0,0,0
20110607034151AAYfRyn,16,12,10,10,9,9,9,8,8,8
20150819063748AAo0JV7,2,3,1,0,0,0,0,0,-1,-1
20071028072038AAnTzLt,0,1,0,0,0,0,0,-1,-1,-2
20151105192834AAgbwaU,0,0
20091122172952AAyR6WI,0,1,0,0,0,0,0,0,0,0
20151101150148AABowKH,2,2,1
20151106014954AAwO8Zm,0,0
20120906135815AAhjhRn,1,4,3,2,2,2,1,1,1,1
20151102210723AAsgaeI
20071029154122AAKXdSh,3,2,0,0,0,0,0,0,0,-1
20101206093141AAtWt0S,2,1,1,0,0,0,0,0,0
20120610103353AAAfDpN,0,3,2,2,1,1,0,0,0,0
20071213105549AAP22XU,-2,5,4,4,4,3,2,2,2,2,2
20120203192119AA62IJM,1,4,2,1,0,0,0,0,0
20151106183629AA5oJWu,0
20070218135225AAhxEVF,0,0,0,0,0,0,0,0,0,-1
20151102100945AABma2t,3,0,0,-3,-3
20070915095410AAy1mTJ,3,5,4,2,2,2,2,1,1,1
20100916194718AA1EFuk,3,11,8,8,8,7,7,7,6,4,4
20080619073723AAQ1Ovj,2,5,3,3,1,1,1,1,1,0
20080823182739AA1g8rX,0,3,1,1,1,0,0,0,0,0
20070703201813AA2RX54,-5,5,5,4,3,3,2,1,0,0,0
20090311203227AAtlhf7,1,3,2,1,1,1,1,1,1,1
20151102185258AAxRHSl
20130513152007AAe2R3Q,0,0
20151024015113AAYqc7Q,2,2,2,-1
20151105212251AAXbLpo,0
20151029110203AAymwxw,0,2,2,2,1,1,1,1,1,1,1
20090518140602AADu4YZ,3,3,2,2,1,0,0,0,-1,-1
20061227093644AAR3PQB,2,7,5,3,3,3,2,1,1,0
20120811072526AAW9sME,3,7,5,0,0,-1,-2,-4,-4,-5
20151106160207AAmaCfa,0,0,0,0,0,0,0,0,0,0
20120619001613AA4vaNT,-1,3,3,1,0,0,0,0,0,-1
20151106021600AAS6Kf9,1,1,0,0,0,0,-1,-1,-1,-1
20100214055704AAv4T93,-12,6,6,5,5,4,3,3,3,3,3
20080219121310AAWJPEv,-2,2,2,1,1,1,0,0,0,0,0
20070703202916AArP30g,0,6,5,4,4,4,3,3,3,3,2
20151106201840AA3iXJ6,0
20080506074805AA3RGur,5,6,6,4,4,4,4,3,3,3
20151103033154AAnLwWL,0,0,0,0,0,0,0,-1,-1
20120713081026AAQlPFs,-3,2,1,0,-2
20090411091324AA2TDrV,0,7,6,6,6,5,5,4,4,4,3
20080829131550AA4DAmX,5,4,2,2,1,1,1,1,0,0
20090706155108AAdWXyr,-1,3,1,1,1,1,1,1,1,1,0
20070526222136AAekVs6,7,3,1,1,1,0,0,0,0,0
20151105231859AAZ03Fi,0
20120622054535AA2W4qB,1,0,0,0,-1,-2
20100311135110AAFSoI7,-5,8,6,6,3,1,1,0,0,0,0
20151104014554AA18yGM,0,0,0,0,0
20151106002634AACjxM4,0,0,0
20100511041303AAnB8cc,1,5,4,3,3,3,3,2,2,2,2
20100829000346AA12IWx,1,3,2,0,0,0,0,0,-1,-1
20100503091648AArs0eQ,-4,9,6,5,4,3,3,3,3,2,0
20101019131635AAsQFAm,-3,1,1,0,0,-2,-2,-2
20100207080006AAy62nx,1,0
20111106180428AAp7Uy4,0,0,0,-1,-2
20101005124904AAlTNKm,-1,1,-1,-1,-1
20080903155840AAPmlDL,0
20151105173341AAWzVSb,3,2,0,-2
20080417213829AA8jBUe,0,0,0,0,0,0,0,0,0,0
20090730133513AAbZ0ea,-3,3,2,1,1,1,0,-1,-1,-3
20061129070936AAhW6S5,2,2,1,1,1,1,1,1,0,0
20080324171117AAlEOVX,0,2,0,0,0,0,0,0,0,0
20150928124113AAlB0RI,2,0,-1
20090714152835AAsI3ge,0,12,11,10,9,8,8,5,5,5,4
20151104135257AAUCHUo,2,1,1,1,1,1,1,1,0,0
20080419121704AAUecGf,3,5,3,2,2,1,1,0,0,-1
20151102235209AAAAaBj,1,0,0,0,-1,-1
20100102181105AAeIDtc,3,1,0,0,0
20151031232224AASi3gn,1,2,0,0,0,-1,-1
20100919124304AA1CeBE,0
20151104015431AACSvqM
20081212180203AAEbcEf,1,1,1,1,1,1,0,0,0,0
20090509121957AAftWUv,1,1,1,0,0,-1
20100911215557AA0fqNi,0,1,1,0,0
20151106094317AAFDVau,4,2,2,2,2,1,1,1,1,0
20110720064435AA89byd,1,0,0,0,0,0,0,0,-1
20080614072116AAe5FzQ,1,8,8,7,5,4,4,4,4,4,4
20130514084247AAjkY8L,0,2,2,1,1,0,0,0,0,0
20151106174402AAoO1nb
20090721210726AA9rzkq,2,2,2,1,0,0,0,0,-4,-5
20110720233800AAr6azm,0,1,0,0,0,0,0,0,0,0
20151106203044AAjzgJa,5,2,1,0,0,-1,-1,-1,-3
20081125050824AAHWxbY,2,0,0,0,0,-1,-2,-3,-3,-3
20080411112312AAcDMVG,-3,3,3,2,2,1,1,0,-2,-3
20091003160725AAZSyfp,6,6,2,1,1,0,-2,-2,-2,-4
20151101031558AA1EaKH,1,0,-1
20080704194415AAiLqvW,1,2,1,1,1,1,1,1,1,1
20151101220916AAzD0zi,0
20151027123939AAwnI6g,1,1,0,0,0
20121105042359AASEmIj,4,3,3,2,2,2,2,1,1,1
20100504130439AAFspH2,6,4,3,3,2,2,1,1,0,-2
20100221120155AAfeOO6,0,3,3,2,1,1,1,1,0,0
20100110184711AAZFDqJ,0,0
20151106182020AAFdDR4,0,0
20080510162411AAD05nr,1,3,2,2,2,1,1,0,0,0
20080309141249AA3Kex1,3,1,2,2,2,4,3
20150121122319AATo0BX,3,2,2,1,1,1,1,1,-1
20101022183910AAnicq7,4,5,3,2,2,1,1,1,1,1
20080423100922AAcYsBH,0,2,1,1,1,1,1,0,0,0
20091003204353AACeUFf,-1,-1,-1,-1,-1
20100812204242AAD7sO5,2,2,1,1,0,0,0
20070520124555AACh7JZ,-2,1,1,0,0,0,0,0,0,0,0
20070125201029AAXsTjl,-1,1,0,0,0,0,0
20151105064811AAM5k1I,2,0,0,0,0,0,-1
20151102140525AAsRiKh,2,1,1
20090617125625AAKYQrJ,0,3,1,1,0,0,0,0,0,0
20100218015546AAwP7nS,-6,8,6,3,3,2,2,0,0,0,0
20100103070350AA6XYx9,7,4,3,3,2,1,0,0,-1,-1
20101225162056AA7HlwZ,1,0,0,0,0,0,0
20121228172345AAngxjv,0,1,0,0,0
20080402143428AA0A0Gw,0,2,1,0,0,0,0,0,0,0
20151106190434AAg2RqY,0,0,0
20151106205839AAUYN33,0
20100305170256AAmrZ2J,0,5,2,2,1,1,0,0,-1,-1
20130424073300AAgodtv,4,3,3,0,0,0,0,-1,-1,-1
20121217154620AAvoGwp,2,4,4,4,-4,-5,-5
20080107135817AAmPfrN,1,9,9,7,7,6,6,6,4,4,2
20080815140831AANIg8t,0,0,0,0,0,0,0,0,0,0
20110111144250AAikIba,1,0,0
20151103020309AArb4Ch
20120228145712AA8dj7m,0,0,-2
20111005181410AAADPmL,0,2,2,1,0,0,0,0,0,-1
20151102183241AAgQxf8,1,1,1,1,1,0,0,0,0,0
20091227155544AALzHwa,1,0
20090102160558AA9GHeJ,-1,5,4,3,3,1,-1,-3,-3,-4
20130703095917AAXK7HZ,0,3,2,0,0,0,0,0,0,0
20110209045634AATfUVf,1,2,2,0,0,-1,-1
20151105043103AAbtqa1
20090719004108AAJWeQY,15,20,17,14,13,12,11,11,10,8
20150709173009AADZ0FO,12,3,3,1,1,1,1,1,0,0
20101008132220AAp0hhc,2,4,1,1,0,0,0,-1,-1,-1
20121103150102AAHEt0n,-3,3,3,2,2,2,2,2,2,1,1
20080513030152AAYfkEU,-2,3,2,2,2,1,1,1,1,1,0
20070225152957AAZD2kg,0,4,3,2,2,2,1,1,0,0,0
20151103003941AAZljrD,1,0,0
20151103031851AAtFZGT,1,0,0,-1
20101203100935AAYbLW2,0,4,0,0,-1,-3,-4,-6
20100415091826AANKQ10,1,3,1,1,0,0,0,0,0,-1
20120508113954AA7qxx1,-1,3,2,2,2,2,-1,-6,-7,-7
20090206072403AA2DNbG,2,2,1,1,1,1,1,1,1,0
20120220102246AA0fsvc,0,1,0,0,0,0,0,0,0
20151103012652AAzqkHr
20110911140327AA5u0mi,0,0,0,0
20080806213404AASM3nG,0,7,6,4,4,4,4,3,3,3,3
20080511151632AA77V9g,9,7,7,4,4,3,3,3,2,2
20061006160402AAEPILR,0,0,0,0,0,0,0,0,0,0
20070317141947AA97fkO,0,3,1,1,1,0,0,0,0,0,0
20151022214227AA19o4o,2,1,0,-1,-2
20151105115859AADUTD6,1,1,0,0,0,0,0,0,0,-1
20151105185942AAkKHfM,0,0,0,0,0
20080708142140AAk2R0u,2,3,1,1,0,0,0,-1,-2,-3
20100803015857AAcDtGX,2,1,0,0,0,-1,-1
20151101145008AAXBYP9,-1,1,0,0,0,0,0
20130519163906AAfUR5E,2,8,6,5,4,1,1,0,0,0
20090703113705AAXH4tt,1,12,9,9,7,7,5,1,1,1
20150408232909AARYhWx,15,2,1,1,1,0,0,0,0,0
20100608123506AAUfdUZ,-1,1,0,-1,-1
20100817114800AAp0We3,1,14,7,6,5,5,5,4,4,4,2
20151102001054AApbzjk,1,1,1,0,0,0,0,0,-1,-1
20130524221541AAzzpep,1,3,3,2,1,1,1,1,0,0
20151101004708AAkkQoF,1,0,0,0,0,0,0
20151031122525AAP7Vn9,3,8,6,5,5,3,3,3,2,2
20151105224112AAVEUIE,0,0,0
20110424164541AA1Y3zY,0,1,1,0,0,0,0,-1,-1,-1
20151031215854AA8n4XF,9,9,7,6,5,4,3,2,2,2
20081220103059AADgOmV,-4,5,2,2,2,2,1,1,0,0,0
20100106170544AA7pGRs,0,1,0,0,0,0,0,0,0,0
20151101163249AA8N0Co,1,8,4,3,2,2,2,2,2,2,2
20151103020443AAEvjx1,2,1
20090813095249AAibsbi,-4,2,1,1,1,1,1,0,0,0,0
20140405131351AAaS5k4,0,0,0
20100105090831AAJHk8L,2,3,0,0,-1,-2,-2,-2,-2,-2
20071022200747AAzqbIl,0,3,2,2,2,2,1,1,1,0
20090421144537AAhoSDq,8,0,0,0,-1,-2,-2,-3,-5,-7
20090926163444AAJpTza,1,3,2,0,-1,-2,-3,-3,-3,-3
20110802104800AAupOgy,0,0,-2,-2
20070405202450AAuCM8p,0,1,0,0,0,0,0,0,0,0
20080303102426AAPSvQB,1,3,2,2,1,0,0,0,0,-1
20100204044744AAQQG1S,0,0,0,-2,-2
20151106214137AAkFp9G,1,1,-1,-2
20090619232452AA76ow8,6,6,5,5,5,4,4,-2,-3,-6
20110621070718AAnrADA,0,4,4,3,3,3,1,1,0,0
20111009205000AAszu0X,-1,1,0,0,0,0,0,0,0,0,0
20070503062809AAqQC3w,0,1,1,1,1,1,1,0,0,0
20090427215854AAORdOK,3,7,4,4,3,3,3,2,2,2
20100118121956AA54DaM,5,7,2,2,2,2,2,1,1,1
20151103230324AARCsDp,2,1,0,0,0,0,0,0,0,0
20110316025727AAcuZYF,0,0,0,0,0,-1,-1,-1,-1,-2
20151103034837AAqnLhU,0
20151106021826AAOuhLw,2,2,1,1,0,0
20151102070422AAtk6wt,2,2,1,1,1,1,0,0,0,-1
20151104030854AAbGHak,2,1,1,0,0,0,-1,-1,-2,-3
20100416200832AAlUzhV,1,2,0,0,0,0,-1,-3
20151106212640AAyXuzN,4,1,1,0,-1
20110709021137AAIL8uN,5,2,-2,-2,-4
20150130155316AAElRlx,3,0,0,-1,-3,-3,-3,-4,-5,-6
20061016164008AAccSQY,1,0,0,0,0,0,0,-1
20151105214956AAkT7lu,1,0
20101123113357AATolVk,1,1,0,0,0,0,0,0,0
20151106204958AAeyCdv,0,0,0,0,0,0
20110602194644AAm91xc,0,0,0,0,0,0,0,-1
20110609040759AAVaXuI,0,1,0,0,0,-1
20130626100206AAgMgpU,-1,4,2,1,1,0,0,0,-1,-1
20151103002649AAlwVEj,1,0
20101107051442AA8mRmS,0,1,0,0,0,0,0,0,0,-1
20151106205216AAZO3py
20090227170356AAfN4yf,0,2,0,0,0,0,0,-2,-2,-2
20120318235420AAvKTUC,0,6,1,1,1,0,0,-1,-1,-1
20151030173841AAYayse,0,-1
20120202172815AAad1yO,-1,0,0,0,0,0,-1
20080108195111AAZUyQO,8,9,7,7,6,6,6,6,5,4
20120429205525AAZ101a,5
20100115004405AA1xPsl,1,3,2,2,1,1,1,1,1,1
20070825163940AAb6ECk,4,13,12,12,9,8,8,7,7,6,6
20151031015644AAHaRLP,3,2,2,2,2,1,1,1,1,1
20110912151616AAx6mkw,0,0,0,0,0
20151102042251AAKaWXJ,0
20151101233943AAXOZbc,-4,1,0,0,0,0,0,0,0,0,0
20151102045101AAw997V,1,0,0,0,0,0,0,0,0,0
20110215031249AAqCBLY,0,0,-1
20121121015620AA6qvzM,0,0,0,0,0
20081211144408AA6UQwY,0,3,2,2
20081018202146AAxefYQ,0,1,0,0,0,0,0,0,0,0,0
20101106170949AAGMK2g,0,1,1,1,0,0,0,0,0,0
20130615122630AASKBWi,2,3,2,2,2,-2,-5
20151101130719AAYCgNn,2,2,2,1,1,0,0,0,-1,-1
20071201224204AA3Ba6w,0,3,2,2,1,1,0,0,0,0
20110401164325AAvykgA,3,3,2,1,1,0,0,0,0,0
20151103014330AArZJmY,0,0,0
20081015114331AANXP8X,0,3,2,0,-1,-1,-1,-4
20151104031512AANHKqA,3,3,2,2,1,1,1,0,0,0
20090618103744AA6ZWzQ,-1,7,5,4,2,2,2,1,1,0,0
20090108101312AA6JTP8,0,0,0,0,0,0,0
20151106021708AAuTzqg,1,1,0,-1
20130703063004AATz1Fk,0,0
20081110141258AA62tcN,-7,9,7,5,5,5,4,3,2,1,1
20151105090438AAWNcaV,1,0,0,0,0,0
20071006113047AAq74D8,0,0,0,0,0,-1,-1,-1,-2,-2
20080817135002AA2wQtZ,3,3,3,2,1,1,1,1,1,1
20080726160015AAnmWbT,2,1,0,0,0,0,0,0,-1,-2
20090328140455AANZHyd,10,2,1,1,1,1,-2
20100117172435AA0GCQ6,5,17,9,9,9,9,8,8,8,7,7
20151103085512AAJo6hb,7,5,4,2,1,1,1,1,1,1
20151105125644AA5LsYC,2,2,2,2,2,2,2,1,1,0
20100324081542AAkuK2k,2,1,0,0,0,0,0,-1,-1,-2
20151105224409AAhxVKM,0,0
20091223030231AA0BfVy,0
20151031170700AAMUd5p,1,1,1,1,1,0,-1,-2
20071212133154AAfrodZ,9,11,7,6,4,3,3,3,3,2
20100205142439AA5hhNr,0,5,1,0,0,0,0,0,-1,-1
20120716163515AAKMChz,2,5,3,3,2,1,1,1,1,1
20130128211442AAj4s4V,-1,1,0,0,0,0,0,0,-1,-1
20110107063837AAw3cTA,0,2,2,1,0,0,0,0,0,0
20151102203026AAr8vS3,1,0
20080929051124AAESskG,1,3,3,2,2,2,2,2,2,2,2
20081209211946AAS32zP,2,4,3,1,1,1,1,1,0,0
20080926052736AAspRQu,5,9,8,6,6,6,4,3,3,2
20100629071935AAS77Zs,1,1,1,1,0,0,0,0,-1
20080901065030AAnFA9X,3,5,5,4,3,3,3,3,2,1
20151106195907AA52LlP,3,3,2,1
20090510203038AANJwSt,3,4,3,3,2,2,2,2,2,1
20110227134619AAWKbWi,1,2,0,0,0,0,0,-1,-1,-2
20151106180539AAQni1t,0,0,0
20090214202238AAOlT9q,-1,2,2,1,0,0,0,0,-1,-1
20101028174200AA6RMhD,2,1,0,0,-1
20151025221834AA8GomA,0,0,0,0
20090123094249AADB5He,-3,9,8,8,8,7,7,6,5,5,5
20081106165225AAfcIzS,1,2,1,1,1,0,0,0,-1,-1
20151102134736AAfi2br,0
20130515220837AAaFtQm,-1,1,1,0,0,0,0,0,0,0
20130402170352AAS8Pyt,-1,10,5,5,4,3,3,3,2,2,2
20120105131441AATyXsT,0,1,0,0,0,0
20151106205109AAV6MmQ
20090710130511AAQVWtO,3,7,6,5,2,2,2,2,2,1
20120709125749AAy0cA2,0,0,0,0,0,0
20090320095447AAYFh62,2,1,1,1,1,1,1,1,0,0
20111012091957AAQtGmH,-2,1,1,1,0,0
20151105205714AAvhxEc,4,4,3,2,2,2,2,2,1,1
20120708001149AAbKagE,4,2,2,1,0,0,0,0,0,0
20130315192551AAQAhkR,2,2,0,0,0,-1,0,-1,-1,-1
20071208105058AAAvdYU,1,6,6,4,4,2,1,0,0,0
20090319150900AA5TAfF,7,10,6,5,4,4,2,2,2,2
20110708132407AA8kfRk,0,0,0,0,0,0,0
20151106213158AAXAoGz,0,0
20151105215826AAzgut8,1,-1,-1,-1,-1,-3
20070617233711AA00Hjy,0,3,1,1,1,0,0,0,0,0
20080115211707AAEAoIj,2,-1,-1,-2,-5
20151103082814AA3qq2v,6,5,5,4,4,3,3,2,2,2
20151106062146AAumv0C,2,2,2,2,1,1,1,1,0,0
20110117164850AAiOJRA,1,1,1,0,0,0,0
20110101195639AAUJAXh,1,3,2,2,1,1,1,0,0,0
20100111090749AAHwPZJ,1,1,1,1,1,1,1,1,1,0
20151105152037AAetMXf,3,3,2,2,2,2,2,1,1,0
20111022141924AAZdhaF,0,0,0
20070710083419AALs3jt,-5,6,6,5,3,3,3,3,2,2,2
20081024121254AAxPL2C,0,8,2,2,2,2,1,0,0,0,0
20100731000247AA7BMK1,1,1,1,0,0,0,0,0,0,0
20081121133524AATqWX7,3,5,5,4,3,2,2,1,1,1
20080911214843AAMVyxK,1,5,3,3,2,2,1,1,1,0
20070529210210AAvmkwX,0,0,0,0,0,0,0,0,0,0
20120804210706AAqbfJc,3,2,1,1,0,0,-1,-1
20151027234926AAFkw9E,0
20151105213402AA0Bgdq,3,0,0,0,-1,-1,-4
20070813205418AARXKaB,-1,5,3,3,3,2,2,2,2,2,2
20151031075528AAcQf4i,3,2,2,2,1,1,0,0,0,0
20151103003706AAj08LU
20120303114242AA4Mg2d,1,2,0,0,0,0,0,0,0
20151002201404AAEAZIE,2,3,2
20080718152818AALpVjD,1,5,5,4,3,3,3,2,1,1
20101028131526AAY5dY6,0,0,0,0,0,0,0,0
20080526122812AAnFAoD,0,1,0,0,0,0,0
20151106004235AAoYnSh,3,2,2,2,2,1,1,1,1,1
20120625151523AAF3DCf,1,0,-1,-1
20110822201212AAqj1gN,0,5,3,2,2,1,1,1,1,0,0
20121225144233AAjdkWA,-1,3,2,0,0,0,0,0,1,0,1
20120606153056AASVl58,0,0,0
20100407064155AAN9GN6,-1,1,0,-1,-1,-1,-1,-1
20110412212134AAJrgW5,0,7,4,3,3,3,2,2,2,2,1
20101003140037AA87JDX,1,14,5,4,2,2,2,1,0,0
20061108143742AAfltmc,0,1,0,0,-1,-1,-1,-1,-1,-1
20151103184259AALkyok,1,1,0
20070827201728AAek1Ok,7,2,1,1,1,0,-1,-3,-9
20100524113106AA9A2xN,0,0,0,0,0,0
20101014132723AAzYyCg,-2,11,4,4,3,2,0,0,0,0,-1
20090821081719AARdlUe,2,5,5,4,2,2,2,1,0,-1
20120513150729AA46FY7,4,1,0,0,0,-1,-1,-1,-1,-1
20151105095140AA6RnBY,3,2,2,1,0,0,-1
20080609050914AAtTll5,1,0,0,0,0,0,0
20150130054113AA5Zzub,0,0,0,0
20070701110940AAfA1k1,0,1,0,0,0
20090702084427AAAeGHv,14,10,6,5,5,3,3,2,1,1
20090418191505AAEkQnW,3,3,3,2,2,2,1,1,1,1
20100810124440AA3zuQQ,1,2,1,0,-1,-2,-2,-2,-3
20110725122707AAYE9xH,2,7,3,3,2,2,2,1,0,-1
20100329043206AAXSonF,2,3,2,2,2,1,1,0,0,0
20151102001205AA5l4kO
20100719124228AALqn3w,0,0,0,0
20090408092659AAhOYJR,3,2,-5
20100423123835AADNWqQ,1,6,5,3,2,2,2,2,1,1
20130415211301AA6KZAz,1,3,2,1,0,0,0,-1,-1,-1
20101104074524AAbSaNw,0,1,0,0,0
20151103141504AANeJFm,3,3,3,2,2,2,1,1,0,0
20151105180114AACZsiN,0,0,0,0,0
20080608200119AAoqmhQ,2,4,3,2,1,1,1,0,0,0
20080511133223AArCbRr,-1,2,1,1,1,-1,-1,-1,-1,-1
20070310195233AAsZqgo,0,2,2,1,1,1,0,0,-1,-1
20060831153803AAvvAC7,2,3,2,2,1,1,1,0,0,0
20110226191744AAC6xC3,2,6,4,4,4,3,2,1,0,0
20151101164348AAvhUaO,11,9,7,6,4,4,4,4,3,3
20120119182232AAsTZm7,0,0,0,0,0,0,0,0,0,0
20151105201554AAzaWl2,0,0,0,0
20101223130932AAl4B1K,-3,0,0,0,-1,-1,-1,-2,-2
20100201230107AApyfg5,-3,-5,-8
20060819121050AALBrke,-1,0,0,0,0,0,0,0
20151102174035AA4jIzs,0
20110120061911AA1YdHU,4,12,11,10,9,8,6,6,6,6,6
20081119205210AAC3jf7,0,3,1,0,0,0,0,0,0,0,0
20151103015417AAkvtZ4,1,2,1,1,0,-1
20120711044040AAyf3h6,-1,0,0,0,0,0,0,0,0,0,0
20151106162348AA03TQC,0,0,0
20100813173109AA0QD2h,0,0,0,-1
20090822190618AAlfJ2f,0,1,0,0,0,0,0,-1
20151106210200AAkZaoh,0,0,0,0
20100823121535AAv6H4i,0,1,0,0,0,0,0,0,0,0
20151102120135AAmqhQa,7,6,5,4,3,2,1,1,1,1
20151104123934AAR4ehz,9,9,5,5,5,4,3,3,3,3
20070828012324AAx8oYp,0,1,0,0,0
20100823001310AAJkdzL,4,10,4,4,3,3,2,2,2,1
20100528020859AAremsn,0,0
20070213201641AAq8dmJ,1,3,1,1,0,0,0,0,-1,-2
20151106020049AAmCg55,0
20070711214104AAPFc3F,0,2,1,1,0,0,0,0,0,0
20080804091209AAdOIyv,1,2,1,1,1,1,1,1,1,1,1
20080826043209AACDwb4,0,2,1,1,1,1,0,-1,-1,-2
20120701134338AAm4tg3,1,3,3,1,0,0,0,0,0,0
20120511033625AAN7mVu,3,1,0,0,0,-1,-9
20151103003001AAwcZVO,0
20110726135925AAjd02O,1,1,1,0,-1,-1,-4,-4,-4
20090707203030AAsWfDI,1,8,7,6,6,4,4,4,3,3,3
20090109225538AARBOlz,2,3,3,1,1,1,0,0,0,-2
20110921150627AAGofCS,2,1,1,1,0,0,-1,-1,-1,-1
20151103185454AAZU1vn,1,0,0,0,-1
20070927134638AAJ7I60,0,0,0,0,0,0
20091225130551AAbMe2I,0,3,3,3,3,1,0,-1,-1,-1
20100223210917AAWjwrB,4,7,6,5,5,3,2,2,2,2
20130715042455AAwd8AZ,-1,2,1,1,0,-1,-1,-2,-2,-5
20100522082615AAJZA6u,0,1,1,0,0,0,0
20080414201208AA0MoF5,3,5,4,4,3,3,3,3,2,0
20100928110259AAVXF3j,0,0,0,0
20100915195133AAcUR15,0
20080908191118AA5J0Ct,4,2,1,1,1,1,1,1,0,0
20150215162636AA5tGvP,8,7,4,4,3,2,2,2,2,2
20151104141043AAHiA1w,0,2,2,2,1,1,1,1,0,0,0
20120626202258AAPcgM6,0,1,1,0,0,0,-1,-2
20100124211945AAlrYXD,3,-1,-1,-2,-3
20100902121306AAPVwgs,0,0,0,0,0,0,0,0,0,0
20100608091554AAH83Sn,14,14,12,12,11,11,10,10,10,10
20071015112709AAWBdtS,-5,2,2,2,1,1,0,0,0,-1,-2
20110629183949AApM5Dr,-1,4,2,2,2,0,0,0,0,-1
20090901084417AAcGjQ8,0,3,3,2,1,1,0,0,-1,-2
20151106010140AAihP6Q,0,0,0
20090825060024AAKlzP6,3,5,5,4,3,2,2,2,2,-2
20081127125507AAYws4H,1,1,1,1,1,0,-4
20060807114121AAMayj4,1,1,0,0,0,0,0,0
20070329234012AAMMryN,0,1,0,0
20101107203119AAvKunP,1,2,1,1,1,0,-1,-2,-3
20100908082216AAWOJrR,0,1,1,1,1,0,0,0,0,0
20080824053618AA6bBgM,0,2,1,1,0,0,0,0,-1,-2
20151106201719AA2kfJZ,0
20151102014456AAs2tN7,1,1,1,0,0,0,-1
20151103220747AA24XQl,0,0,0
20151103003337AAzmfVI
20090624161302AAcaCQf,0,1,0,0,0
20080406144248AAnG6i4,1,4,2,2,0,0,0,0,0,0
20151102190621AAkI5DV,1,3,2,1,1,1,0,0,0,0
20151102162402AACIO0x,6,2,1,0
20150922130757AAqrA9J,0,0
20090427113118AAjQPmI,-1,-1,0,3,0,-1,-1,-2,1,-6
20071207091320AAwkEzb,0,1,1,1,0,0,0,0,-1,-2
20090417104132AAEieJy,6,5,5,5,4,3,3,3,1,0
20150721205033AAqXeJS,1,1,0,-1,-1
20110324185517AAehmuZ,2,1,0,-1,-1,-3,-4,-4,-4
20080430223229AAvy80N,5,8,2,1,1,1,1,0,-1,-1
20071205131217AAl199x,-1,2,1,0,0,0,0,-1,-1,-2
20151105234757AAWzdrd,1,1,1
20081119230526AAVP8Z2,-1,2,2,2,2,1,1,0,-1,-1
20151106142858AAQsVNR,3,1,1,1,0,0,0,0,0,0
20100621145753AAsqvSQ,-3,6,6,6,6,3,3,2,1,1,1
20151102173224AAhJKak,0,0
20090803043954AAKQRsJ,2,3,2,1,1,1,0,0,0,-1
20151102193722AA9z3Jm,3,2,2,2,1,1,0,0,0,-1
20151008203917AA9WXrp,-1,0,0,0,0,0,0
20151105142752AA93QKQ,2,2,2,2,2,1,1,1,1,1
20151106004206AApvzEV
20120207203157AAtFs3I,0,3,2,2,2,1,1,1,0,0
20130107024508AAaGskb,0,1,1,1,1,0,0
20080601062805AArjSCP,0,1,1,1,0,0,0,0,0,0,0
20130516194022AAWX4s9,1,1,0,0,0,0,0,0,0,-1
20120619223724AAx8KR1,3,7,5,3,1,1,1,0,0,0
20151106204939AAjZ9Cn
20080730120501AAxz0Gm,0,0,0,0,0,0,0,0
20151106023935AAtssw3,0,0,0,0
20101019110612AANzJXa,0,4,3,3,2,1,1,0
20151103000224AAbYfCk,0
20100711235222AACPuLJ,0,5,0,-1,-2,-2,-2,-3,-3,-4
20120515224207AAPcWb3,0,1,1,1,1,0,0,-1,-1
20071107135034AAS2mpa,1,1,1,1,1,1,0,0,0,0
20151106203917AArFZjt,1
20120604114242AAjBsoo,0,3,1,1,0,0,0,0,0,0
20090519162257AAwdrEw,1,1,1,0,0,0,0,0,0,0
20151106193532AA52BzW,3,1,1,0
20120104040120AAi5wjD,0,1,0,0,0,0,0
20151103233029AA8HOjN,2,1,0,0
20151103062856AAjnLKE,5,6,5,5,4,3,3,3,2,2
20070925020450AARRchj,0,0,0,0,0
20151029145507AABOFgY,1,1,1,1,1,1,0,0,0,0
20130609082200AAXGRGQ,-4,3,2,0,0,0,0,0
20120310083718AAtFJhd,2,2,2,1,0,0,0,0,0,-1
20151031060204AAUeGGH,-2,8,7,6,5,3,2,2,1,1,1
20130520214647AAwS10w,2,4,2,2,2,1,0,0,-1,-1
20151106020556AA3wdbr,5,4,2,2,2,2,2,1,1,1
20090811053650AAnyOpm,2,6,3,2,2,1,1,1,1,0
20080411122122AAhIiEu,0,4,3,3,0,0,0,0,0,0
20151021070947AAVd97U,1,1,0,-2
20151105203849AA4txoX,1,1,1,1,0,0,0,0,0,0
20090601082937AAsXG9r,2,3,3,3,3,2,2,2,2,1
20100616034401AApxIMZ,0,4,2,1,1,0,0,0,0
20071001161114AA6hMEu,1,1,1,1,1,1,1,0,0,0
20100405003403AAcWqM3,1,2,1,0,0,0,-1,-2
20151106021811AA9EGHa,3,2,1,1,0,0,-3
20120816101129AA43fBG,7,7,6,6,5,5,5,4,3,2
20130112210420AA1lONN,1,1,0,0,0,-1,-1,-1
20111005221749AATRDOx,-1,0,0,-1,-1,-1,-2,-2,-2,-3
20090623174159AAYXB7o,0,4,4,4,3,2,1,1,0,-3
20110414164941AAGhECJ,2,3,2,2,1,1,1,1,1,1
20091108010347AAQqnUA,3,8,8,7,6,5,5,4,2,0
20090106174405AADPrHl,0,3,3,2,2,1,1,1,1,1,1
20100724172602AAVloyC,0,6,4,1,0,0,0,0,0,0,0
20110323182958AAigZNn,0,4,2,2,1,1,1,0,-1,-1
20080726203233AAuH4gq,3,1,0,0,0,0,0
20090502092143AAUURNJ,3,6,5,4,2,2,2,0,0,0
20121001004723AAcVPaX,2,0,0,0,-1,-1,-1,-1,-1,-1
20081106084023AATD8Kz,2,12,11,8,7,6,5,5,4,4,4
20110910123249AAVut4y,2,7,7,3,2,1,1,-1,-2,-4
20151104090047AAFIler,1,0
20120129100259AANhDfd,14,14,12,10,9,9,8,8,6,6
20081110150801AAKxAYl,-5,5,2,1,0,0,-2,-4,-7
20151104051114AAVRXBC,0,2,1,0,0,0,0,0,0,0
20100203181451AAKYWAa,1,2,1,0,0,0,-3,-3
20111025120350AATlkGk,0,1,1,1,1,1,0,0,0,0
20151103002055AACK5fJ,0,-1
20100402173356AAmOPqA,-3,9,7,7,7,4,2,2,2,2,1
20130311180239AASPlND,2,2,1,0,1,0,-1
20151105231058AAuyhez,0,0,0
20151103050532AATzvw1,1,3,1,1,1,1,0,0,-1
20100812074817AAsl2qF,-2,9,6,5,3,1,1,1,0,0,0
20151105204236AAHcADM,0,0,0,-1,-2
20151105173417AAIxBZR,0
20080406130315AAdoVVX,1,10,10,6,5,5,4,4,4,4,4
20120430024440AANEif3,0,2,1,0,-1,-1
20080722211334AAyxowZ,1,4,4,4,3,3,3,3,2,1
20090504075649AAQAnUP,3,7,5,5,4,3,3,3,3,2
20090115091949AAJya3l,14,17,10,10,10,9,8,7,7,5
20080119104303AAVg0Ji,0,0,0,0,0,0,-1
20080320104617AAU0LdJ,6,6,4,4,4,3,3,3,2,2
20100615193723AAt9x14,4,19,17,15,14,12,12,11,11,10,10
20151106210034AA7jRR1,0,0
20151105000522AA1ZjHt,1,1,0,0,0,0,0,0,0,0
20151102225628AABqNOQ,0
20081230134257AA2SvbY,0,4,4,2,2,2,2,1,1,1,1
20090929200528AAOqXyO,0,0,0,0,0,0,0,0,0,0
20151103235410AAAcgqc,4,4,3,2,2,2,2,1,1,1
20080615182356AA9OOzC,0,4,2,2,2,2,1,1,1,1,1
20120124011148AADh9dg,0,0
20151104031120AALb8tO,1,1,0,0
20101209135135AA353Mt,-4,6,1,1,0,-2,-4,-4,-5
20090907050107AAaSiBo,4,8,7,6,6,5,5,5,5,5,5
20151103005224AAypoNR,1,1,0,0,0
20081229121546AAtK2jA,0,5,4,4,3,3,3,2,2,2,2
20070606074615AA6SSfO,2,7,5,5,5,3,2,2,0,0
20100423162259AAasBPa,4,6,5,3,2,1,0,-1,-1,-1
20151106004250AAyEbol
20100811123247AAkOjsO,2,3,3,3,3,2,2,1,1,0
20151102214005AAQgdA9,0,0
20120909093312AAk4SAc,-2,4,2,2,1,0,-1,-1,-1,-1,-1
20151104031810AAGT8PN,0,0,0,0
20151102140141AAHwvZ5,1,1,1,1,0,0,0,0,0,0
20151101212801AAiBv6F,6,4,2,2,2,2,1,1,1,1
20091004144228AAJZAvM,0,1,1,0,0,0,0,0,0,0
20100118073838AAue60B,1,10,9,5,5,3,3,1,1,0
20120909015530AAKoLvK,1,1
20151105130055AAmJzwd,3,2,2,1,1,1,1,1,1,0
20110912143554AARrvDl,0,4,2,0,0,0,-2,-2
20151103181257AAmj5j7,3,1,1,0,0,0,0,0,-1,-5
20150824093842AAXFxog,2,0,0,0,0,-1,-1
20101115074758AAfTWrd,2,6,6,5,4,3,2,2,1,1
20151105203833AAvvehq,0,0
20151104024826AAbhQ0u
20151103152510AABLEP9,1,0,0,0,0,0,0,0,0,0
20080404053136AA4ssMI,0,3,3,3,2,2,1,1,1,0
20080213150922AAOKMTG,1,3,3,2,1,0,-1,-1,-2
20080804231121AAWyBYk,1,1,0,0,0,0,0,0,0,0
20070101191643AAjoGhX,2,0,0,0,0,0,0,0,0,0
20080331132439AAkiJv2,1,6,5,4,4,4,4,3,3,2,1
20080826163754AA6AA80,1,1,1,1,1,0,0,0,0,0
20090826020652AAga0SC,0,5,5,2,1,0,-1,-3,-4,-5
20080713124318AAKFp3G,4,4,3,2,2,2,2,2,1,1
20150606184444AAI70g0,1,1,1,0,0
20100209053241AADwea6,4,8,7,6,4,4,3,2,2,-1
20151102071738AAen26D,0,0,0,0,0,0,0,0,0,0
20151028042006AA64cQj,2,2,0,0
20070927105852AANbc0N,6,10,9,7,7,-1,-2,-6,-7,-8
20151103025953AAQC3KU,0
20090926181844AA91mcN,0,0,0,0,0
20081117040846AAOJXON,2,2,2,2,2,1,1,1,1,0
20090920225534AAwCrsV,3,4,4,3,2,0,0,0,0,-6
20070818192310AAd7nU5,-2,3,2,1,0,0,-1,-2,-2,-2
20090727212402AAPAUFB,1,6,5,3,2,2,2,1,1,1
20080907144317AA854lg,0,1,1,0,0,0,0,0,0,-2
20090613080418AA601iL,2,1,1,0,0,0,0,0
20100109224400AA6DBCx,2,3,2,2,1,1,1,1,0,0
20091114105257AA4ykgZ,-3,4,2,1,1,1,1,1,1,1,1
20151102172922AAkI0uE,0
20130630145202AAm74mS,9,9,7,5,4,4,4,0,0,0
20130209144511AAnIKBV,3,4,2,2,1,0,0,-1,-1,-2
20090920123039AA0SZLz,0,0,0,0,-1,-1,-1,-1,-1,-1
20151103025942AAoxDoX,2,1,-1,-1,-3
20110131195938AASsZRi,10,9,8,7,6,4,1,1,0,-10
20151106213420AAkB3zB,2,2,0,-1,-1,-2
20091120162731AARublR,0,2,1,0,0,0,0,-2,-3
20151103192208AAdrS82,0,0
20090503194334AAtIkRL,0,6,5,3,3,2,2,2,1,1,1
20090726074341AAPvZWD,1,1,0,0,0,0,0,-1,-2
20081230114858AAyCOHx,4,3,3,2,1,1,1,1,1,1
20151104014155AAwzfhl,1,0,-1
20080927023651AAwP2XQ,0,0,0,0
20151103111722AAyqoly,0,7,5,5,5,5,4,2,2,1,1
20151106165526AAe2oES,4,3,3,3,1,1,0,0,-1,-1
20120105143257AAu5Bd3,1,1,1,1,-1,-5
20080117134335AAFkHrM,0,0
20151106203511AAxUjuI,1,1,0
20100820120417AAODpxo,1,1,0,0,0,0,-1,-1,-1,-1
20151106174909AA4jTUt,0
20130521105538AAHBWO2,-1,0,0,0,-1,-1,-1,-1,-1,-2
20101029234009AAgkPoY,-1,0,0,0,0,0
20120128100236AArNsk8,0,2,1,0,0,0,0,0,0,-1
20100610141426AAp2ZYA,0,0,0,0
20101112132618AASdVeM,1,4,3,2,2,1,0,-1,-1,-3
20090106145231AAu8gRO,8,7,6,4,3,2,2,0,0,0
20151106194146AADzjl6,0,0,0,0
20120816045128AAgdoOD,0,0,0,0,0,0,0,0,0,0
20080420235452AAJh4rj,1,1,1,1,1,0,0,0,0,0
20091110103438AAGSNoV,5,4,4,4,3,3,2,1,1,0
20151105222601AADpnlu,0,0,0,0
20151105221309AAvHrsA,0
20070107011423AAv2twN,0,1,1,1,0,0,0,0,0,-1
20151103113727AAQsMyN,7,4,3,2,1,1,1,1,1,1
20100205001818AAwqWF8,10,5,4,3,3,3,1,2,1,1
20150922080715AA8W4yi,2,1,0,0,0
20070903231933AAR4PUL,0,2,1,1,0,0,0,0,0,0
20080330130234AAEWDqB,1,6,2,1,1,1,1,1,0,0
20151105220733AAqqoi8,2,1,1,0,0,0,0,0,0,0
20151102071707AANNZzj,1,0
20091007075430AAOpZxA,2,2,2,1,1,1,0,0,0,0
20151102202221AApbpTY,3,-1
20090802210933AAB67gC,-1,1,1,1,0,0,0,-1,-1
20080223114506AAlys8S,-1,7,6,4,4,3,2,2,1,1,1
20080321081148AAdOthb,-1,3,2,2,1,0,-1,-1,-4
20100108014757AA2miMn,0,3,0,-2,-3
20151103033411AApnUTT,0
20100316135028AA5F27G,0,1,1,0,0,0,0,0,-1,-2
20100224163432AAz3RJX,-2,9,8,7,7,4,3,-6
20080107112013AAF4ild,0,7,4,3,2,2,2,2,1,1,0
20151106140717AATTcta,6,5,1,1,1,-3
20090928105740AAd7UDX,-2,2,2,1,1,0,0,0,0,0,-1
20151104152746AAsyy8J,1,0,0,0,-1,-1,-1,-2,-2,-3
20090108202154AAr2nAq,0,2,1,0,0,0,0,0,0
20110109021652AA1BRyF,1,1,0,-1,-1,-2
20101022184831AAqNtJG,-16,11,11,10,10,8,7,7,5,4,4
20101212093500AANVOA7,0,0,0,0,0,0
20091130084633AABowhq,3,8,8,6,3,3,3,3,3,3
20100827103349AAKGB5H,5,2,0,-1
20120425102621AAA52rJ,2,1,1,0,0,0
20120102001121AAvz0NB,4,1,1,1,1,1,1,1,0,0
20120406090203AAqCqVC,0,3,1,1,0,0,0,0,0,0
20070621120708AAXN6We,0,0,0,0,0
20151101025359AAZ4qVY,10,7,4,4,4,4,4,4,4,4
20070723083500AA7pmOL,1,4,4,3,2,2,2,1,1,0
20151105221057AAphKvu,2,3,0,0,0,0,0
20070614050729AAY5J3G,5,7,6,5,4,3,3,2,1,0
20101003110150AAzv6dK,1
20151105182349AA31jmk,2,2,0,0,0,-1,-1,-1,-2,-2
20151106152222AAS4y3l,1,0,0,0
20080821094802AA3i78F,0,0,0,0,0,0,-1,-1
20090328122446AA0yQZK,-7,25,8,7,5,4,1,-13,-14,-14
20100224214110AAkhBND,-1,4,4,1,1,1,1,1,0,0,0
20110417185036AAQSylY,-1,3,2,1,0,0,0,0,-2,-1,-1
20110511162404AARgdJF,3,17,16,15,13,12,12,12,6,4
20090816114728AAwUM1G,0,0,0,0,0,-1
20080702100739AA9qZEP,2,4,0,0,-2,-3,-4,-4,-5
20110618061939AAZUFyw,0,5,4,4,4,3,3,3,2,2,1
20091130221802AA8oTg4,1,5,3,2,1,1,1,1,0,0
20071217035443AAohpab,6,4,4,4,3,2,2,2,1,1
20101220024623AA2RvMu,0,0,-1,-1
20090711184425AAFibnQ,1,0,0,0,0,0,0,0,0,0
20130614085524AAvNPJs,1,5,1,1,0,0,-1,-3
20130626185857AAnSyGC,2
20100226210856AAVBCHB,8,4,3,3,3,2,2,0,-1,-4
20071111221414AAbc2Be,1,3,3,2,1,1,0,-1,-1,-1
20100311125239AAyn02w,2,1,1,0,-1,-1,-1,-1,-2,-2
20151106204032AAO2ENT,1,0
20121117074034AAnp0nP,1,1,1,0
20100205111911AAHQAby,16,36,29,17,15,15,12,11,10,9
20090610155505AALYAvo,4,5,5,4,4,4,3,3,3,3
20100122181104AAsblSb,0,3,3,3,1,1,1,-2,-2
20101205071822AA2bkOF,9,8,8,8,7,7,6,6,5,5
20120914022933AAlFL6h,1,7,3,3,2,1,0,0,0,-1
20150913210509AAfLdMb,3,2,1,0,0,0,0,-1,-3
20080305101650AAqVC4U,8,3,5,7,0,3,3,8,1,2
20151105132706AAqThQX
20080305180707AAz7AYy,0,2,0,0,0,0,0,0,0,0
20110726194542AAgknIL,-5,6,4,4,4,4,3,3,2,2,1
20151105211433AATzys3,0
20130528232752AAA5Z7z,1,1,1,1,1,0,0,0,0,0
20090909025420AAeabyR,1,7,7,7,6,5,3,3,3,0
20151105141323AAmzmjp,2,2,2,2,1,1,0,0,0,-1
20090709180633AAliN5l,1,0,0,-1
20120718003834AAvUjT4,0,1,1,0,0,0,0,-1,-2,-4
20110403183859AAO5UX4,6,8,6,6,5,5,5,4,3,3
20120920194844AAv7r7A,1,3,3,2,1,1,0,0,-3,-3
20080408063759AAEIKJe,1,2,2,1,1,0,0,0,0,0
20120413231750AAEfdnj,5,1,1,0,0,0,0,-1,-1
20080903045612AAiyNaT,0,1,1,0,0,0,0,0,0,0
20151103005756AASF1rI,1,0
20110621133708AAUBRYL,3,2,2,1,0,-1,-1,-2,-4,-4
20100828131637AALUFtf,27,13,12,12,9,8,8,8,8,6
20090326131210AADR62n,5,3,2,2,2,1,1,1,1,1
20120107053912AACzG3p,0
20080404200213AAb1sVD,1,0,0,0,0,0
20090810010943AAdM6mw,6,8,7,7,6,6,4,4,3,3
20151102233051AA9Y7D5,0,0
20151102164320AAnsqxi,0,0,-1
20151102125355AAzcBtd,2,1,1,1,1,1,1,0,0,0
20130424134147AAPqhCw,0,0,0,0,0,-1,-1,-1
20100217232305AAGQ8oW,-4,3,1,0,0,0,0,0,-1,-1,-1
20151031200008AA0SXD4,2,4,3,2,1,1,1,1,1,0
20080131162222AAXfqBJ,0,0,0,0,0,0,0,0,0,-1
20130515204658AATOxuR,4,2,0,0,0
20081010010102AAZlmNZ,1,5,2,1,1,1,1,1,1,0
20120801061604AAAXbNP,3,5,4,4,3,3,3,3,3,3
20151103205907AAJjph1,0,1,1,0,0
20151103021316AArfBuS
20070705173136AAkn4Do,5,10,10,10,10,9,8,8,7,6,6
20081120143339AAIVcOI,7,20,15,12,10,10,9,9,9,8,8
20120906000803AAZA5co,0,1,1,0,0,-1,-1,-2,-2,-2
20151105224135AApSzVi,0,0,0,0,0
20151106205510AA9vHmR,2,1,1,1,0,0,0,-1,-1,-1
20151106205753AAgybH5,0
20151105173112AArfi4G,2,1,1,0,0,0,0,-1,-1,-2
20080428175837AATkV0c,0,1,1,0,0,0,0,0,0,0
20100604234605AABFhn8,0,1,0,0,0,0,0,0,-1,-1
20110308172307AANCZ71,0,1,1,0,0,0,0
20111004054224AAMhoVe,3,2,2,1,1,0,0,0,0,0
20080510172100AAWFRPM,0,1,1,0,0,0,0,0,0,0
20151102194036AAekrE2
20120511202119AA6Z7lD,-1,1,0,0,-1,-2
20110323222322AAQgq4H,-4,8,7,7,4,4,4,4,4,3,3
20110618072548AAsbUfy,2,2,0,0,0,0,-2
20151102191618AAKbzfr,6,5,4,3,3,3,2,1,1,1
20081229192501AAkgspT,0,1,0,0
20080806094212AAmPAk0,1,1,0,0,0,0,0,0,0,0
20110926230043AA55YKv,0,0,0,-2,-2,-3
20120330005740AAEKio2,0,0,0,0,0,0,0
20090516162815AA7eKFR,5,5,5,4,3,1,1,1,0,-6
20110201064420AALB8bY,-2,2,1,1,1,1,1,0,0,0,0
20150616203902AAMi2Sh,0,0,0,0,0,0
20151029055902AAFrGtt,5,4,4,1,1,0,0,-5
20071015225915AA7mHRG,2,4,2,2,1,1,0,0,-1,-2
20090524221353AAdVHuA,5,9,8,7,7,5,4,4,4,3
20110309131059AA7ii3O,5,5,5,5,5,4,4,4,4,4
20060706202322AATc095,-6,1,1,1,1,0,0,0,0,0,0
20151103015741AAX12gJ,1,1,0,-1,-1,-1
20080325100536AA3ELxA,-2,9,7,5,4,4,4,4,4,3,3
20060907054046AAGZaVd,-1,2,2,1,1,1,1,1,1,1,0
20110907094307AAmPGsE,0,2,2,1,0,0,0,-1
20100908113131AAS5KPZ,3,7,6,4,4,3,3,2,2,2
20090902201209AAuY1pl,0,1,0,0,0,0,0
20071015154556AADW2tC,1,2,0,0,0,0,0,-1,-1,-2
20071023084740AAlnZZA,0
20151106075015AA5rSQd,-1,4,2,1,1,1,1,1,0,0,0
20090719185021AA6EjOK,5,5,5,4,3,3,3,3,3,2
20120119181911AAt9eTR,1,3,1,1,1,-1,-2,-3,-3,-10
20151105185953AAQZoEf
20080925134803AAvAmGx,0,3,1,1,0,0,-1,-1,-1
20080925162554AASub1g,8,6,3,3,2,2,1,1,1,0
20150817083206AAM6Vbz,6,3,3,3,2,2,1,0,0,0
20151102134410AAd5P5o
20151106161741AAD3Mlc,0,-2
20080501134029AALidvx,8,8,5,4,3,3,3,3,3,2
20151102214148AAC3f3M,2,1,0,0,0,0,0,-1,-1,-2
20151101103006AAjzwNV,6,5,5,5,4,4,4,4,4,4
20151102175341AAFBidG,0,0,0
20080601073726AAn6R4U,0,1,0,0,0,0,0,0,0,0
20080328062956AAO4RlT,6,10,9,7,6,5,5,5,5,4
20080103143414AAqKgkR,1,4,1,1,1,1,1,1,1,0
20130221124959AAJrf7J,1,1,0,0,0,0,0,0,0
20100810213318AAyyMmh,7,0,0,0,-1,-1
20151106102526AA4OcCr,6,1,1,0,0,0,0,0,0,0
20100728130658AAWou0A,3,4,4,3,2,2,2,2,2,0
20101019152210AAXDALG,1,4,2,0,0,0,0,-1
20151101085240AAotHh7,1,0
20090622163437AAIF7pV,0,2,2,1,1,0,0,0,0,0
20120526192951AAk8hH7,0,4,3,1,0,-5,-5,-6,-7
20090711112250AAr9ApK,0,0,0,0,0,0,0,0,-1,-1
20110302111231AAbZwOH,-1,5,4,4,1,0,-1,-3,-3,-3
20151029235654AActWMd,3,2,-4
20100803110312AA3mizX,4,4,3,1,0,-3
20091111134037AA2YZwe,1,4,2,2,1,1,0,-1,-1,-1
20120305045009AASSgvH,2,4,3,2,0,-1,-4,-5,-6,-6
20100904071028AAz25YG,-2,3,3,2,2,1,1,1,0,0,-1
20100920155922AAqC3Uh,-1,2,2,2,1,1,1,0,0,0,0
20100804123759AAeHx2Q,-2,5,4,3,1,1,1,1,1,1,0
20110916205559AAryYir,1,1,0,0,0
20090703222323AA09fZV,1,1,1,1,0,0,0,0,0
20100206034001AAWD23Q,-1,4,2,0,0,-3,-3,-6,-6,-7
20090922221606AARO5YC,1,1,1,1,1,1,1,1,0,0
20090130072113AA4Hevp,-1,4,2,1,1,1,1,1,0,0,0
20071003152453AAO8Wlr,0,1,0,0,0,0,-1
20070621034953AA2vwAX,0,0
20100529184704AANwXH8,0,0,0,0,0,0,0,-1,-1
20071203230820AAdxhqy,1,1,1,1,1,1,0,0
20120715141335AAVBv1O,-6,3,2,0,0,0,0,0,0,1,-1
20090805120617AAS73UV,0,1,1,1,0,0
20080830191655AAGz4qm,2,2,2,2,2,2,2,0
20151103132231AAEBeNI,7,6,5,5,4,4,3,2,2,1
20080716132548AAhogtu,0,0,0,0
20090507195504AAkgMGi,4,6,6,5,5,5,5,5,4,4
20151031113238AAsR3X2,1,1,1,0,0,0,0
20070530094837AA9aDuU,-1,0,0,0,0,0,0,0,0,0,0
20080609085627AADn5qa,0,4,4,3,2,2,2,2,2,2,1
20101102125003AA6fDWe,0,2,1,1,0,0,0
20110113095013AATaMHN,2,5,3,3,3,3,3,2,2,2
20110608141227AAZB5xj,0,0,0,0
20100118075404AA2ub5m,-1,8,7,4,3,3,1,1,0,0,0
20151106161625AAoL0PP,0,1,0
20080514222852AAnL10j,6,7,5,4,3,2,2,1,1,1
20090608190753AAAtKz9,1,2,1,1,1,1,1,1,1,0
20091206174435AAlBOmX,-3,1,0,0,0,0,0,-1,-3
20080825094318AAsHles,1,11,6,6,5,2,1,1,1,1
20151104011704AAqpJUt
20070130001904AAhJa86,2,2,1,1,0,0,0,0,0,0
20060812065529AAIqDRW,0,0,0,0,0,0,0,0,0,0,0
20060618094815AA3OQA2,3,1,0,0,0,0,0,0,0,0
20100112165035AAP5lxS,0,1,0,0,0,0
20070620125012AAQqToz,0,0,0,0,0,0,0,0,0,0
20151106190434AApMwVf
20151102143047AAKkTog,-1,1,1,0,-2
20151105235118AA6jAsj,0,0,-1
20110322154716AAtEBpk,3,9,5,3,3,1,0,0,0,0
20151104010303AABv2KC,1,0,0,0,0,0,0,0,0,0
20101209084205AA2OnoW,2,2,1,0,0,-1
20080610091856AAHy0vm,0,1,1,0,0,-1,-1,-2,-2,-2
20120910131949AA4YreZ,1,7,5,2,1,1,0,0,0,-1
20071101203057AAhL1I9,2,1,0,0,0,0,0,0,-1,-1
20081123133228AAP5kAc,0,3,1,0,0,0,0,0,0,0
20100426134816AADpOgj,-4,9,8,8,4,4,3,2,2,2,2
20151103143213AAtenWq,0
20151101142158AAGj634,3,1,0,0,0,0,0,0,-2
20151104053555AAio7pb,1,0,0,0,0,0,0,0,0
20151014030754AAWNG5D,1,1
20090527191919AAwJKWP,1,3,3,2,2,2,2,1,1,1
20090407185159AAzQ6JB,0,1,1,1,0,0,0,0,0,0,0
20130416095914AA3eeyD,0,2,0,0,0,0,-1,-1,-1,-1
20120330122513AA2tcLe,3,12,4,3,3,3,3,2,2,1
20151106214050AAevAZe,2,0,-1,-3
20080522092248AAwdcEt,6,4,1,0,0,-4,-5,-5,-6,-7
20151105000739AAp4v9A,0,0,0,0,0,0,0,0,0,-1
20100317161416AA3qm68,-1,9,7,4,2,1,0,0,0,-1
20151105050851AAdmr5L,37,8,8,7,4,3,3,2,2,2
20120930140615AAgegig,2,1,-1,-2,-2,-4
20151106171206AADLOJO,0
20151106015823AAH4bOO,0,0,0
20151030030154AAyfNux,0,0,0,0,0,0,-1,-1,-1,-1
20100213011640AAAp6Uw,-2,3,3,2,2,2,2,-3
20100504181656AArxzyg,1,4,3,2,2,2,2,1,1,1,1
20111116061346AAH6J3S,0
20151106173245AABpCSj,3,0
20070508193058AAEcKlC,0,0,0,0,0,0,-1,-2,-2
20080429101507AA7099n,0
20090610171106AAmEL4V,2,2,1,1,0,0,0,-7
20130521090655AAPll5g,1,2,2,2,1,1,1,1,1,1,1
20080704111241AAPn7Ia,1,2,2,1,1,1,1,1,0,0
20091004002818AAoWyPr,3,4,4,4,3,0,0,-1,-2,-3
20151103233702AAYGNZE,0,0
20151106192617AAweb5P,0,0,0,0,0,0
20081011200351AAsbwra,2,2,2,2,1,1,1,0,0,0
20120303182723AAhOyV9,0,1,0,0
20090223204743AAgrnFs,6,7,6,6,5,4,4,3,2,2
20080327171110AAJ1NsD,1,2,1,1,1,0,0,0,0,0
20080909065858AADRfcI,15,63,44,39,27,25,21,21,21,19
20071106105633AAS1jGc,-4,4,3,2,2,1,1,1,0,0,0
20070610005444AANwAt1,2,3,3,2,1,1,0,0,0,0
20080305073853AA9W4Hd,-2,2,1,0,0,0,0,0,0,-1,-1
20110422131048AAT9xgg,-1,3,1,1,0,-1,-1,-1
20100329202307AAAUGbi,0,3,3,2,2,1,1,1,1,1,1
20101221002941AAtGjJV,2,-1,-1,-6
20151026083029AAT1F1q,2,1,1,0
20120422235855AAoRyAI,-1,3,2,2,1,1,0,0,0,0,-1
20110914173950AAxF2tf,0,2,1,0,0,0,0,0,0,0
20111208154639AA3B0ka,-1,2,1,1,0,0,0,-1,-1,-1
20071003113016AAGg5Zz,2,2,2,2,1,0,0,0,0,-2
20070716121236AAClvqS,3,2,1,1,1,0,0,0,0,-1
20151104201734AAL8kTy,3,2,1,1,0,0
20130329165015AAijY1w,0,2,1,0,0,0,0,-1,-1,-1
20090420104910AAvsYhO,2,5,4,4,3,3,3,2,2,1
20100319101031AAJyN4U,4,4,3,3,2,2,2,1,0,0
20130115154304AAG71FW,2,2,1,1,0,0,0,-1,0,0
20090905122147AA5zwO1,0,1,1,1,1,1,1,1,0,0,0
20080930222527AAUVd6W,-4,5,5,4,3,3,2,2,2,1,1
20090724232055AAc5hgN,0,0,0,0,0,0,0,-3,-3
20091003034919AA5qFvQ,0,1,0,0,0,0,0,0,0,0
20080805081218AAdNlhD,-1,4,3,3,2,2,2,2,1,1,1
20130520103143AAADLW9,-2,7,6,5,4,3,3,2,1,1,1
20080805073912AAFTPcZ,1,2,1,1,1,1,1,0,0
20151019162818AA8pEJU,3,1,1,0,0,0,0,-1
20151103032235AAO395D
20151105142508AAwFUr4,3,3,3,2,2,2,2,2,1,1
20080902170750AAtP52j,1,2,1,1,1,0,0,-1,-1
20090621074540AASRG1S,0,4,4,3,3,3,3,2,2,1,1
20151105165813AA0c9oz,2,1,0,0
20151106212837AAticVe,0
20151002222100AAwxbF7,1,0
20151106012509AAvtJ2n,2,2,0,0,0,0,0,-1,-2
20081028050212AARd2jc,5,5,4,1,1,1,1,-1,-3
20151102223950AA555Kh,0,0,0
20151102230934AA3jOQH,1,1,0,0,0,0,0,0,-1,-1
20151106195903AA8Fum6
20100324005635AATex2k,0,2,2,2,1,1,0,0,-1,-1
20151102103743AAKGmCT,2,0,0,0
20090608132019AALZRBq,0,0,0,0,0
20070416143753AAr3hiq,-5,8,8,8,5,4,4,4,3,2,2
20100822001845AAi4v4B,1,1,1,0,0,-1,-1
20120907203056AA3ihcA,0,2,2,1,1,1,0,0,0,0,0
20151016052131AAhW5ns,-2,2,0,0,0,-1,-3
20110214173230AAvR3pV,-1,4,2,2,1,1,1,0,-1,-1,-1
20090621125837AACutEv,1,13,12,11,10,8,8,7,6,6,4
20110506122408AAkAJZu,2,1,1,0,0,0,0,0,0,0
20111119052701AAzxcjL,2,4,1,1,0,0,0,0,0,0
20080615175834AAl89sc,1,0,0,0,0,0,0,0,0,0
20090723184928AA98VSD,4,0,0,0,0,0,0,0,-1
20101102132048AASv9Zd,1,1,1,1,1,0,0,0,0,0
20151106174441AAw33Gx,1,0,0
20151105224105AACHZUj,1,0,-1
20130105172219AAO5lLL,-1,1,1,1,0,1,0,0,0,-1
20110424132259AADyJ7y,0,0,0,0,0,0,0,0,0,0
20151106143308AANwMaw,2,2,2,1,0,0,-1
20080429171057AA5EBjN,0,1,1,1,1,1,0,0,0,0,0
20080302171351AAxjhGu,13,26,26,24,24,22,22,22,21,20,20
20070215085217AA770Rj,-2,1,0,0,0,0,0,0,0,0,-1
20070605185204AAaPowS,0,1,1,0,0,0,0,0,0
20120625155919AAlcVie,1,0,0,1,0,-1,-3
20071005155341AAy9x54,3,1,1,0,-1
20151102232952AAxiiZC,-1
20151105221132AAjGBp6,2,2,1,1,1
20071031110553AAg9qBX,-1,2,1,1,1,1,1,0,0,0,0
20080324160242AAIEQip,3,6,6,4,4,4,4,3,3,3,3
20070828221632AAqDtXS,0,0,0,0,0,0,0,0,0
20080918205802AA2xQrn,0,0,0,-1,-1,-1,-2
20080922101608AA33kfZ,0,0,0,0,0,-1,-1,-2
20090523120620AAHyv3o,-3,1,1,-1,-2,-2
20151103001732AAJbqpL,2,2,1,1,1,1,0,0
20151106022705AAfML0c,-2,4,3,3,3,3,0,0,-2
20070528211340AA4RW1x,0,4,1,0,0,0,0,0,0,-1
20120618004211AALXdWG,3,8,2,3,2,2,2,1,0,0
20080928052521AAOdoRU,2,6,4,4,3,2,0,0,-2
20110527032155AA5ovKl,1,0,0,0,0,0,-1,-2
20100513073239AAs1ZvJ,0,1,0,-1
20151102050508AAIhKap,0,0,0,0,0,0,0,0,0,0
20151106213047AA8qQDl
20090820203739AAHIDCb,2,2,1,0,0,0,-1,-2,-3,-3
20101106202919AA8Hy5Q,1,3,2,2,2,0,0,-1,-6
20151031153416AAh20i0,0,0,0,0,-1
20080724233539AAD3yN8,-1,2,2,1,1,1,1,0,0,0
20080711040356AAOXQec,1,3,3,2,2,1,0,-1,-1
20061108231902AAhorJ7,2,2,2,2,1,1,1,1,1,0
20130518095033AATHALg,0,3,2,1,0,0,0,0,0,0
20070828010501AAE2ZgG,1,1,0,0
20151106084317AAcwj7y,-3,4,2,2,2,2,1,1,1,1,1
20081110175744AAK3ge7,1,5,4,3,3,1,0,0,0,0
20120208132948AAC2QWr,1,2,1,1,-2,-4
20090327151836AAeHiQR,1,5,5,4,3,3,3,2,1,1
20130519204610AAUKWAB,5,7,6,5,4,4,2,0,0,0
20090430145038AAHBCt5,12,10,9,8,8,8,8,7,2,2
20080416084617AAbrRtb,0,6,3,2,1,1,1,1,1,0
20151106160513AATdfXR,2,2,0,0,0,-1,-1,-1
20090109160155AAmCdOT,-4,17,16,15,14,14,13,13,12,12,11
20060827013819AAGVwqI,0,0,0
20100410224956AAqMBnc,4,8,6,6,6,6,5,4,4,1
20091020065435AA098kj,-1,7,6,5,5,4,4,3,3,3,3
20151102191753AAwz7SA,0
20080502105622AA3RiGN,1,1,1,1,0,-3,-3
20151106191156AA54VkU,0
20101001112738AA75w1L,9,0,0,-9
20130509100015AAjnuhe,-1,0
20110717210332AAUqMTU,0,0,0,0,0,0
20090818124048AAZgRYW,-1,5,4,3,2,2,2,2,1,1,1
20100307132625AAyKwWb,0,5,2,1,1,0,0,0,-1
20151106174239AA6i2Ya,1
20121005115423AAYZzYj,0,4,3,2,2,1,1,0,0,-2
20100907191539AAvPGau,4,7,6,6,6,5,5,5,4,4
20071016083245AAa1Kvg,-1,7,5,5,4,2,1,1,1,1,1
20151103020824AAHXEYD,0,0,0,0,0,0,0,0,-1,-1
20080618224347AAcPQwC,-1,0,0,0
20121201200104AA8Yw1l,2,4,1,0,-1,-1,-2,-3,-4,-4
20151106170357AAFxyKk,1,0
20100520112352AAMmF89,1,0,0,0,0,0,0
20100808114558AAH3Amr,1,5,4,4,3,3,2,1,1,0
20151106021213AAA2CB1,1,1,0
20100428083824AAkjWA9,-3,1,1,0,0,-1,-1,-1,-2,-2,-2
20080601102959AAWMvsk,1,2,1,1,1,0,0
20080531072646AAv1jVA,1,2,2,1,1,0,0
20081107082501AA43pN9,0,1,1,1,1,1,0,0,-1,-1
20110809200341AA6OIPa,0,2,1,1,0,0,0,0,0
20111118103740AAkLd7t,0,2,1,0,0,0,-1
20101227192918AA241dn,0,5,3,3,1,1,1,0,0,0,0
20081225182535AABf2jz,3,2,1,1,1,1,1,1,1,1
20061117072926AAuySBh,2,1,0,-1,-4
20151106174504AAhecXZ
20090307205506AAOlCd5,0,2,-1
20080325165452AAh0qNk,1,2,2,1,1,1,0,0,0,0
20151106213926AA3KPjj
20151106205843AAFnAAp
20151103024839AADXHMM
20080622182927AAksaiB,7,4,3,2,1,1,1,1,1,0
20091130112505AAJzeQ1,2,0,0,0,0,0,0,0
20110617200143AAimweO,-1,1,1,0,0,-1,-1,-1,-1,-1
20070207161830AAtyBh4,1,8,4,2,1,1,1,1,1,0
20091203075155AArH2Mn,1,1,1,0,0,0
20111028212740AAVbnN5,0,1,0,0,0,0,0,0,0,0
20061217230856AAyM9WM,149,32,27,26,26,23,22,20,19,17
20151105180953AAZnMLw,2,0,0,0,0,0,0,0,0,0
20090801210058AAeqGxQ,0,1,0,0,0,0,0,0,0,0
20151106041655AAutlUR,6,4,3,2,2,2,2,1,1,1
20151106185842AAALbSz,0,0
20100512224715AAfUgvO,0,2,1,1,0,0,0,0,0,-1
20151103011845AA7LagY
20151102180124AAxahs0
20080326063851AA08KvA,2,5,4,4,3,2,1,-1,-2,-6
20151101014953AAaz9kX
20090606144327AAhBsdC,1,2,1,1,1,0,0,0,0,0
20080320122702AAqB6XS,1,2,2,1,1,1,1,1,1,1
20110808113902AAgpKAz,4,7,7,5,4,4,2,2,0,0
20081101125232AAZguqU,-1,5,4,4,2,2,2,1,1,1,1
20060702221156AA7PvrY,1,0,0,0,0,0,0,0,0,0
20080223185031AAfUyDA,0,1,0,0,0,0,0,0,0,-1
20070831163759AALHvE3,-10,9,6,5,5,4,4,4,4,2,2
20081015071202AATf7mv,0,2,2,1,0,0,0,0,-1,-3
20091121161235AAx94SB,1,3,2,1,-1,-1,-2,-2,-3,-3
20151106195817AAthHg5,0
20080512233254AAozyMn,0
20151031160713AAkN3i3,5,2,2,2,2,0,0,0,0,0
20100115132502AA7pWxf,0,3,2,0,0,0,0,0,0
20100704133842AAWeMxw,-2,3,2,2,2,2,0,0,0,-1,-1
20151106023034AA7v7kQ
20091023112152AAv64Uw,1,1,1,0,0,0,0,0,0,0
20151105231135AA4gGUX,1,1,0,0,0,0,0
20150424223446AAkN8gy,2,0,0,-1
20151106204435AAIXmkT,0,0,0
20130516090909AA4jPXj,3,6,5,5,3,3,3,3
20151106013641AAknHus,2,1,1,1,0,0,0,0,0,0
20151106193157AAbbD4T,0,0,0
20070716105036AAwFm4A,-1,1,0,0,0,0,0,0,0,0,0
20090619142609AAv1iun,-1,3,1,1,1,1,0,0,0,0,-1
20080414083023AAWKXoQ,14,7,4,3,3,3,3,2,2,2
20110202131449AAvb8cw,0,4,3,2,2,1,1,1,0,0
20151106183736AAePpZV,2
20151103032238AAaS0f1,0
20080311194933AAFsZnh,1,6,4,4,3,2,2,1,1,1,1
20100920152858AAeZ2go,0,0,0,0,0,0,0,0,0,0
20151103025147AA8RUxh,0,0
20150607041927AAQe1Ir,0,3,1,1,1,1,0,0,0,0,0
20061110184441AAzbE3L,0,1,1,1,1,0,0,0,0,0,0
20061120144036AAl95lJ,0,2,0,0,0,0,0,0,-1,-1
20100220075652AAh2nEv,4,12,8,6,6,5,5,4,4,3
20151106010225AAsUTy4,4,3,1,1,0,0,0,-4,-5
20100404034728AAquQjb,-1,8,8,7,7,5,5,4,3,3,3
20151106205829AAkTNv8,0
20120425033829AAkvTDW,-1,1,0,0,0,0,0,0,-1,-2
20151106174557AAKrfGX
20110706201150AA8ZXRW,1,2,2,2,1,1,1,0
20151106205538AAsRmJV,0
20121219100403AACwTcL,-1,0,0,0,0,0
20151106014350AAElm1p,3,2,1,0,0,0,-1,-2,-2,-2
20110915122720AADvA34,-5,9,9,7,5,5,5,5,5,4,4
20090921135907AAe2odO,3,4,3,3,2,2,1,0,0,0
20090108052415AASAfK2,1,1,1,0,0,0,0,0,0,0
20091202235122AAQgLlh,0,1,0,0,0
20090307235109AAJnQ7o,4,2,2,2,2,2,2,2,2,2
20120503140134AA2ENEs,2,1,1,1,1,1,0,0,0,0
20081015181356AAVJydI,0,1,0,0,0,0,0,0,0,0
20080318210246AAqGTlj,5,11,8,8,8,7,6,6,6,5
20151103032652AAfTVOw,0,0,0,0
20060827082128AAVsERM,0,1,0,0,0,0,0,0,0,0,0
20070327213010AA5nscW,4,1,1,1,0,0,0,0,0,-2
20091225221724AAzCZGB,-2,2,2,1,1,0,0,0,0,0,-1
20151104155616AA9CAa7,2,1,1,0,0,0,0,0,0,0
20151103003755AArBZom
20151105195728AA1UoL4,0,0,0,0,0
20151106170811AAWeSAO,0,-1,-1
20100217094741AADbamS,-3,6,4,3,2,1,1,1,1,0,0
20120902131100AAGAitz,0,0,0
20151103031506AALLhDY,0
20101018063508AAicR4E,0,3,2,1,1,0,-1,-1,-1,-1
20070225082709AAeeRR6,15,3,1,1,1,1,0,0,0,0
20151105191716AAHBhqN,1,1,1,0,0
20080516071119AAsiU0C,0,6,6,5,4,4,3,3,3,2,2
20151027073728AAQuOYr,2,1,0,0,0,-1
20070701130832AAIZQW4,-1,0,0,0,0,0,-1,-1,-1
20120405220603AArHwye,0,4,1,1,1,0,0,0,0,-1
20120805165149AAxmFUW,0,0
20120702184528AAx7DRh,3,1,1,0,0,0,0,-2
20151105234943AAaRGrC,0
20110618182342AAKm0AW,2,4,4,2,2,2,1,1,1,1
20070731173704AAiKSky,3,1,1,0,0,0,0,-1,-1,-1
20100709151226AAwR80i,1,5,5,3,2,2,2,1,-2,-2
20151031192742AAGtNGH,6,5,0,0,0,-1,-1,-1,-2,-2
20071017082525AAQ7KpB,0,0,0,0,0,0,0,-1
20080416045608AAwu9n4,2,2,2,1,1,1,1,1,1,1
20090827151201AA6IyN3,4,2,1,1,1,1,0,0,0,0
20151103142702AAbGzB8,1,0,0,0,0,0,-1
20090403080332AAR7piE,-1,1,0,0,0,0,0,0,0,0,0
20100909122629AAVr6TY,-1,1,1,0,0,0,0,-1,-2
20090304220156AAF9uJV,0,4,1,0,0,0,0,0,0,-2
20151103034932AAzmpsu
20130515232159AAf0Sfg,-1,1,1,0,0,-1,-1,-1,-1,-2
20071214134107AAsyZi7,1,4,3,3,2,0,0,0,-4,-6
20090708143444AARwd2v,-17,13,12,10,10,9,8,8,8,8,8
20130105232429AAdTO9c,-3,2,1,0,0,-1,-1,-2,-3,-5
20111128182643AAnmih3,-1,1,0,0,-1,-1
20081016183830AAu812P,2,5,3,2,0,0,-1,-2,-4,-6
20080526112113AAW8gAl,0,1,0,0,0,0,0,0,0
20151101203114AAG3GZE,0,1,1,0,0,0,0,0,0,0
20151031184220AAPHI3Q,0,2,1,1,1,1,1,1,1,-2
20110827091424AAXW4JX,1,2,1,1,1,0,0,0,0,-1
20100104132104AAFQpHP,2,3,0,0,0,-1,-1,-1,-1,-1
20130113191718AAKY3vP,0
20110414052727AAPyD4E,0,1,0,0,0
20121017142122AAnHqau,1
20151024014923AAbIbMU,0
20080219101703AAbjrLe,0,3,3,1,1,0,0,-1,-3,-3
20130124132639AAwTetw,1,3,3,3,2,2,2,1,1,0
20060814161521AATGVeC,3,3,3,2,2,2,2,2,2,2
20091027133536AASwqmX,1,5,4,4,4,3,2,0,0,0
20151106173444AA9kcSN,3,2,2,2,2,2,1,1,0,0
20100628220406AA5Bl2I,0,3,2,2,1,0,-1,-2,-2,-2
20110924192946AAQvdeO,0,4,4,4,4,3,3,3,2,2,1
20120928133649AAhMcq2,1,0,0
20081103191624AAr6rHA,2,1,0,0
20151103220145AArsDev,2
20151101202333AA1ETFV,0,0
20100110222321AA3TP4Z,5,6,5,5,4,4,4,3,3,3
20151106105457AAMOjPu,2,1,1,0,0,0,0,0,0,0
20080731181811AApM2yP,-2,3,3,3,1,1,1,1,0,0,-1
20130121190219AAzQt2C,0,0
20090420024948AAzcJ0u,15,8,7,6,6,6,5,4,4,1
20130212115858AAWNQQx,0,2,1,1,0,0,0,0,0,0
20100311050102AA0ukke,0,0,0,0,0,0,0,0,0,0
20081111203747AAxc5mi,4,8,5,4,4,3,1,1,-1,-2
20090924080253AA86YmS,-1,0,0,0,-1,-1,-1,-2,-2,-2
20151106010659AAbaqnj,1,0
20121024191011AAAIwQZ,4,4,4,3,3,2,2,1,0,0
20080630163603AAnn3FM,4,4,3,2,2,1,1,1,1,0
20150407071116AARu4SI,6
20090507155956AAbrkl8,2,6,3,3,2,2,1,1,1,0
20081002233114AAsb4xe,2,6,5,3,2,2,2,1,1,1
20151104125309AAcvAsx,10,6,5,5,5,4,4,4,4,4
20090529052122AApUd6n,10,8,7,7,6,6,4,3,3,3
20080207204655AAkLN0q,1,3,3,2,2,2,0,-1,-2,-3
20151105204913AAfKPk6,0,0
20151105213820AAmraas,1,0,0
20151105100632AA0NajS,2,1
20150905182527AADHewL,2,2,1,0,0,-1,-1,-3,-3
20151106001541AA7o16I
20151106174654AAMmLEa,0
20110624123851AAXANbT,3,2,1,1,0,0,-1,-1,-2,-2
20151104020142AAsVoC0,0,0
20081109072740AAxDbJz,0,2,1,1,1,1,1,1,1,1,1
20100915211748AAqJcKD,0,1,0,0,0,0,0,0,0,-1
20080213082203AA4D79l,0,0,0,-1
20071205123903AAZC6KP,1,4,4,4,3,3,3,2,2,2,2
20130517011812AAvMOBC,0,1,1,0,0,0,0,0,-1,-1
20111205101654AAw5Vgh,7,6,6,6,6,6,6,4,3,3
20080725132202AAWORea,1,0,0,0,0,0,0,0,0,0
20090201173829AAFStWE,7,3,2,0,0,0,0,0,0,-1
20090902193430AA7lD9d,1,2,-1,-2,-2,-4
20100501220846AABQQwu,2,5,1,1,1,0,0,0,-3,-3
20151102145716AAUDXZm,1,0,0,0,0,-1,-1,-1
20090617170701AAApIyd,0,1,1,0,0,0,0,0,0,0
20080428181152AAqYfID,0,1,1,0,0,0,0,0,-1,-1
20080811163632AAkSbIS,1,1,1,1,1,0,0
20120728122003AAArFVt,-1,1,0,0,0,0,0,-1,-1,-2
20151106205820AAAn6Yx,0,-1
20090430014528AAm4S93,0,5,5,4,4,3,3,3,3,3,2
20081028074050AADCZay,1,2,2,1,1,1,1,1,1,1
20080406183159AAZSykt,5,6,6,6,5,5,5,4,4,4
20151102195208AAA0Sd2,3,2,1,1,1,0,0,0,0,0
20151103190810AA8seOA
20070624185014AAPDH9x,0,1,0,0,0,0,0,0,0,0
20151106100803AAH1X7l,2,2,1,1,1,0,0,0
20151102070739AAX7aas
20130103024340AA7bzOx,-1,6,5,5,4,4,3,3,3,2
20060819223314AAYLA7e,0,0,0,0,0,0,0,0,0,0,0
20080831161107AAR6fQA,1,1,1,1,1,1,0,-2
20090225094831AAMpUxP,7,7,6,5,4,4,3,3,3,2
20130419114145AAnw8wa,2,3,2,2,2,2,2,2,2,2
20100907203658AAYNJzQ,1,9,7,7,5,3,1,1,1,0
20080127153556AAoTCGn,3,11,11,11,10,10,10,10,9,9,9
20120329163413AAlXcxr,0,1,1,0,0,0
20130509150850AASEznR,7,2,1,1,1,1,0,0,0,0
20100427073242AATccHr,0,2,2,2,1,1,1,1,1,1
20090822181504AApzB4q,8,15,14,12,11,9,8,6,6,5
20121110100932AAEk6Wl,0,3,3,2,2,1,1,0,-1,-1
20101221123036AAGFQUM,0,2,1,1,1,1,0,0,-2,-2
20080511015440AAPPjeu,6,2,2,1,1,0,0,0,0,0
20151101204509AA6wH0c,5,4,4,4,4,3,3,2,1,1
20151105201318AAZTyoU,0,0,0,0
20151029212924AApZBwc,3,0,0,-1,-2,-4
20151106022951AA6Ma95,1,0,0,0,0,0,0,0,0,0
20070930032720AAy6zaq,0,1,0,0,0,-1,-2,-3
20111222174637AA9IxZv,0,5,4,1,0,-9
20101018181830AAKDekM,5,8,7,7,7,6,5,4,-3,-4
20130521082359AAP7y4Q,0,0,0,-1,-1,-1,-1,-1,-2,-2
20081110085434AA5YOrV,0,9,5,5,4,4,4,4,3,2,2
20080730083009AAOTB0N,0,3,2,1,1,1,0
20151102165459AAUpd0X,1,1,0,0,0,0,-1
20130125073828AA9xajW,0,1,1,1,1,0,0,0,0,0
20151106010206AAUb1kb,0
20100514143523AAHHeQO,8,11,8,7,4,4,3,3,2,2
20110524190945AAGMITG,5,2,2,2,2,1,0,0,0,0
20090902101659AA8IyB7,1,0,0,0
20080515204937AAl8Wkw,2,1,0,0,0,0,0,0,-3
20111023162312AAs4XWm,8,2,1,1,1,0,-2
20151102195458AAQCsY6,4,3,1,1,0,0,0,0,0,0
20100823144140AAO8sxj,-2,5,3,3,2,2,2,2,1,1,1
20080320134409AAm6wln,5,5,4,4,4,4,4,1,0,0
20071112111833AAQmMZ2,3,1,0,0
20151020192132AARIMy0,1,0,0,0,0,0
20120108164845AAaSKu5,0,3,2,2,1,1,0,0,0,-1
20151106021302AASjmnP
20151103024904AAvUHm0,2,2,0,0,0,0,0,0,-1
20121024111204AANDLwy,2,4,3,2,1,1,0,0,-1,-3
20151029142036AAJdKNP,6,6,2,2,1,1,1,0,0,0
20090922095839AAs3iua,5,5,5,5,5,4,3,2,1,1
20101020024344AAdoH2q,-3,5,1,1,0,-1,-3
20081022235944AAQrcFy,0,3,1,1,0,0,0,0,-1,-1
20071108113305AA9bp2f,2,0,0,0,0,0,0,0,0,-1
20080130113946AAaRxa5,0,0,0,0,0,0,0,0,-2
20151104030052AAUO7OB
20090818214731AAbMokC,10,10,9,7,6,6,5,5,4,4
20120222083713AAkxdPT,0,1,1,1,0,0,0,0,0,0
20100602203945AAdonKD,5,8,3,2,2,2,1,1,1,-1
20080422224457AATSIHe,0,4,1,1,1,0,0,-1,-1,-1
20151102225322AAGInKU,0
20080610164522AAp1oVB,-5,5,5,4,4,3,3,2,1,0,0
20100903051820AAXD4tf,-1,6,3,3,1,1,1,1,1,0
20151025103505AATHz0L,2,4,3,3,3,2,2,2,2,2
20090311115556AAJTi7F,9,23,23,22,19,18,12,12,9,8
20081011200205AA5oTPG,0,3,2,1,1,1,1,1,1,0,0
20090818193014AA6aER7,1,3,2,1,1,0,0,0,0,0
20151031215816AAOuhwm,1,1,0,0,0,-1
20090404151454AAVk7L1,2,2,1,1,1,1,1,0,0,0
20070922183019AARCdN4,0,2,2,2,2,1,1,1,1,1,1
20090729005351AAZC9u4,0,2,1,1,1,0,0,0,0,0
20100923204601AAe1lU0,0,1,0,0
20151103161405AAMDVX8,0,0,0
20081004090637AAhP90j,14,12,10,9,9,9,7,6,6,5
20150819082012AA88g4Y,-45,14,10,6,5,5,4,3,3,3,3
20070827211401AAq7DgB,0,0,0,0,0,0,0,0,0
20100816204216AAEEITN,3,1,1,-1,-2,-3,-4
20151106211920AAw6AmY
20130702185552AALOrL8,4,2,1,1,0,0,0,0,0,0
20151010171710AAQ9sMp,0,0,-4
20100515221806AAwpi7y,1,4,3,2,2,1,1,0,0,-1
20090513085530AAXkCL2,1
20090418202521AAZkl8q,2,4,2,2,2,2,1,0,0,-1
20110611165423AAXaxG2,0,2,-1,-6
20080506202810AAWv1GM,-1,1,1,0,0,0,0,0,-1,-1
20110106163254AA5yQVG,0,1,0,0,0
20130531235033AAGJeJp,-1,1,1,0,0,0,-1,-1,-1,-2
20151106192339AAmdcgc,0,-1
20080502202951AAORMPK,86,42,33,33,29,27,19,7,4,4
20120820233224AAsw7LB,0,0,0,0,-1,-1,-1,-1,-2,-2
20101101154331AAjZAWK,2,5,4,2,2,2,1,0
20091005000622AASYV1a,-2,2,2,1,1,1,1,1,1,1,1
20080721150324AAu4cGt,-2,7,7,6,5,4,4,3,2,2,2
20101226143816AAmFrK0,6,4,3,3,2,2,1,1,0,0
20100921060451AAP7opg,6,10,10,9,8,5,-4,-4,-5,-5
20101220135408AAz98OQ,0,1,1,0,0
20081123130800AAsZzid,1,1,1,1,0,0,0,0
20100511051533AAsJLgZ,-1,1,1,0,0,0,0,0,-2
20120210040232AArpM9G,3,5,3,3,2,2,2,2,2,2
20130607174702AA55liV,0
20130107002359AAQgqPn,0,0,0,0,0,0,0,0
20121104002452AAQi0CB,1,5,3,2,1,0,0,0,0,0
20080327121113AAMYF7G,-1,2,2,1,1,1,1,0,0,0,0
20151105164557AAP0swH,1
20151106024902AA0jkBX,0,0,0,0
20130522205620AAS2npQ,2,5,5,4,2,2,2,2,2,2
20080426202258AAF1Sdh,0,1,0,0,0,0,0,0
20151106193218AAy76g0,0,0,0,0,0
20081112133254AAFfc3n,1
20080208200106AAIU8nc,1,1,1,1,0,-1,-1,-2
20101209150633AAr6f9c,2,4,2,2,2,2,2,1,0,-1
20070116134850AAXOprm,2,4,3,3,3,1,1,1,1,1
20081214150643AA7pStb,4,3,3,3,3,3,3,3,3,2
20120314065031AAF7JIG,-1,1,0,0,-1,-2
20100430135624AARekWm,4,3,3,3,3,2,2,1,0,-3
20151102223205AAyGm3L,2,1,1
20151102032621AAULlKz,2,2,2,2,1,1,0,-1
20101228121635AAe6iVY,0,6,3,3,3,3,3,2,2,2,1
20110122085209AAzrjMq,-2,5,4,2,1,1,1,0,0,-1,-1
20091231005604AA0z6so,5,7,4,3,3,2,2,2,1,0
20080916030618AAj4UG6,11,10,9,9,5,4,3,1,0,-1
20100325174710AAhkOm0,1,1,0,0,-1,-2
20091223112348AAI8YzR,1,2,0,0,0,0
20080731054454AAWayVC,-1,2,2,1,0,0,0,0,0,0,0
20070816205203AAbaADv,-1,0,0,0,-1,-1,-1,-1,-1,-1
20090609092031AAtYJiA,0,2,1,0,0,0
20090129134513AAjteH0,-11,8,6,5,5,5,4,4,3,2,2
20071219121134AAwX6wI,0,0,0,0
20100825190003AAMBqLr,-1,2,2,1,1,0,0,0,0,0,0
20120713140553AA0JRSg,0,1,1,1,1,0,0,0,0,0
20151101082007AAMOZkP,3,3,2,2,2,1,1,1,1,1
20080830194113AAeqGEN,1,7,7,6,6,4,3,1,1,1
20100217221717AA840eq,0,3,3,0,0,0,0,0,-1,-1
20151106103044AA4lSHB,1
20151102215330AAsmLx2,2,1,1
20130521090508AAW30H5,-1,5,3,3,2,1,1,0,0,0,0
20080612060049AAtIOmi,3,3,3,2,1,-3,-3,-5,-6
20150626002329AAEuPsQ,1,0,0,0,0,0,0,-2,-3,-3
20080405210153AAhwCbP,0,8,5,3,3,2,2,1,1,1,1
20151030232443AAJbuPG,4,3,3,2,2,1,1,1,1,0
20090611232344AArXxte,2,2,1,1,1,0,-1,-2,-3
20081119204426AAEebY0,1,4,3,3,2,2,1,1,1,0
20120421173650AAerRKm,1,4,4,3,2,2,2,1,1,1,1
20111114162545AAZQbFu,4,7,7,6,5,4,3,2,2,2
20151105064058AACIxxT,11,11,10,9,6,4,4,3,3,2
20101031223911AAkGrxB,2,4,3,2,2,2,2,1,1,1
20151104125603AAnkzF8,2,1,0,0,0,0,0,0,0
20101123043955AA4dNfQ,-6,0,0,-3,-4,-4,-4,-7
20120819140502AAlrXWT,1,2,1,1,1,0,0,0,0,-1
20110425075743AAEHn8q,2,2,1,0
20151106015117AAOr8JB,1,0
20110313004810AAmcgXr,5,3,3,3,2,2,1,1,1,0
20151106213920AAJgB44,1
20151106052831AAaokbX,2,0
20151102180956AAvHvuI,0,2,0,0,0,0,0
20100801034227AAJaKAW,4,4,3,3,-2,-3,-4
20111102030828AAZSXaV,-1,10,1,0,-1,-1,-2,-2,-3,-4
20091017111655AAR812e,-2,1,1,0,0,0,0,0
20090807050646AABx7Jz,3,4,1,1,0,-1,-1,-2,-2,-5
20100202050327AAVE8gF,0,1,0,0,0,0,-1
20080714041158AASpU3V,1,2,1,1,1,1,1,1,1,0
20151106205401AAP71fj,0,0
20090309092505AAc4WT7,-8,12,11,9,7,7,6,5,5,5,4
20100117134221AAUOLnD,0,1,0,0,0,0,0,0,0,0
20090908201622AAur5SA,5,7,6,3,3,1,1,-3,-3,-4
20130104080657AAj5OtI,-1
20070330101710AAYiluJ,0,2,2,1,1,1,1,0,0,0,0
20110128214038AAkGZKS,-2,5,4,2,2,1,0,0
20080905133316AAqXOO4,2,16,15,13,13,12,11,10,9,9,8
20070320165352AANCel5,1,1,0,0,0,0,0,0,0,-1
20100505115035AArLGXk,0,3,3,2,1,1,0,0,-1,-1
20070815225502AAnBzvq,3,3,2,1,1,1,0,0,0,0
20151105161817AABrNks,0,0
20151106021754AAZUYlO,1,1
20151102181351AAtz34d,1,0,0,0,-1
20080521050431AAGjiXZ,0,3,2,1,0,0,0,-1,-2,-3
20151103094908AAC5ibz,1,1,0,0,0,0,0,0,0,0
20061213153315AAsRtrf,0,0,0,0,0,0,0,0,0
20151102122537AASytf5,2,2,2,2,1,1,1,1,1,1
20100424142540AAgeU2R,4,6,3,2,2,-3,-5
20070220142508AAWk4tw,0,1,1,1,0,0,0,0,0,0
20080705100527AAllTqn,2,0,1,1,1,3,1,2,1,1
20151102014114AApAPu2,0
20081203172339AAoJkO5,5,6,5,4,4,4,4,4,4,4
20120716161115AAly0nI,0,1,0,0,0,0,-1,-2
20111208205957AANWK3p,3,2,2,1,0,-2,-2,-3,-3,-3
20120217180159AA3dCCc,0,1,1,1,1,0,0,0
20100110204108AApsoHQ,1,6,2,2,1,1,1
20080811161715AAuJHO9,0
20070709182357AAp54rJ,0,4,3,3,3,2,2,1,1,1,0
20090527175743AA2SDZG,2,1,1,1,1,1,1,1,1,1
20080226205207AAenNrZ,-1,3,1,1,1,0,0,0,-1,-1
20071011060105AAmG194,-1,1,1,0,0,0,0
20151106020500AAVZeDG
20130517124240AAx8g2x,1,4,3,3,3,2,1,1,1,0
20080121222838AAy7COj,2,1,1,1,0,-1,-4
20151101060527AAah2VN,1,1,1,0,-1
20090221061828AA8skxb,2,4,1,1,0,0,-1,-2,-3,-4
20151103212823AAPWdwl,0
20121016182936AA2GUkG,1,9,7,6,5,6,6,2,3,3,1
20151103231118AAFsfUX,4,3,3,3,2,2,1,0,0
20070704072748AAvogfj,2,1,0,0,0,0,0,0,0,0
20101024075455AApspmy,3,2,1,-1,-1,-1,-2,-2
20061121212718AA8kHc2,3,0,0,0,0,0,0,0
20151106212728AAEUiC1
20101006024243AAfU8dD,0,1,0,0,0,0
20080428150309AACYYNV,2,12,7,6,6,5,5,4,4,3
20150715080645AAYHyDQ,2,0,0
